618	153
112	154
277	152
152	152
81	153
397	151
57	155
226	151
70	153
119	150
423	152
56	153
302	152
71	152
96	151
418	154
59	154
173	152
258	155
57	157
412	162
68	182
194	235
339	208
107	214
468	225
91	223
185	228
378	218
115	230
467	230
93	230
174	238
408	235
101	233
410	243
96	236
181	239
435	242
107	246
392	242
106	250
180	244
453	249
104	247
372	247
123	251
202	257
489	258
111	254
439	261
102	251
197	264
500	262
108	253
426	271
105	257
199	262
510	260
107	264
404	266
139	260
216	268
482	260
122	258
392	265
144	265
196	261
520	263
109	262
260	264
341	261
160	265
504	257
107	259
231	259
264	258
203	265
529	257
108	261
317	262
266	273
175	272
525	274
113	275
209	279
445	283
152	285
461	286
142	294
228	292
484	303
163	303
506	301
135	314
233	312
517	317
172	320
510	324
154	332
258	335
475	339
217	340
544	347
187	348
287	355
524	361
235	368
541	363
214	370
311	377
562	378
240	380
534	387
247	397
330	394
604	404
249	399
531	409
264	404
340	415
663	418
236	406
505	411
307	406
316	389
608	306
147	276
380	298
232	271
199	281
512	268
114	266
322	262
246	252
165	252
504	247
98	240
183	238
397	234
111	232
463	226
89	226
165	220
321	219
130	214
455	211
81	211
200	205
321	205
98	201
423	201
76	198
161	194
340	195
78	192
395	192
72	188
142	187
354	188
70	185
418	185
69	181
132	184
374	181
70	182
410	178
67	179
132	178
388	177
64	173
326	176
65	174
121	173
400	173
65	171
301	170
117	169
119	171
407	170
65	169
280	170
64	168
131	172
432	167
65	170
253	167
164	167
86	168
429	168
62	168
230	166
204	166
76	166
415	166
65	167
189	164
233	167
65	169
412	165
62	166
173	167
286	169
67	166
419	167
61	168
150	169
316	169
70	170
416	169
64	171
133	172
244	171
101	167
435	172
63	168
208	170
246	169
130	170
436	169
59	168
124	172
379	168
65	167
325	170
64	171
127	171
400	171
66	173
383	171
64	172
127	171
416	171
61	169
364	170
58	168
128	171
427	171
65	170
256	172
159	169
87	172
408	170
64	168
232	170
196	168
81	171
412	166
66	169
205	168
120	165
126	167
442	169
61	165
281	167
132	166
102	166
436	166
85	167
271	167
162	166
88	164
431	165
61	163
232	165
191	162
77	163
407	163
60	163
202	163
233	166
67	160
401	162
58	161
121	161
371	164
55	157
392	162
94	162
135	158
321	161
64	161
379	161
57	159
134	159
330	159
55	160
363	160
53	155
122	161
413	156
59	157
253	157
60	156
121	159
422	156
87	157
334	160
54	154
116	157
431	154
57	153
304	159
73	155
98	156
390	153
59	154
277	155
105	153
85	153
398	155
59	155
256	153
140	155
74	151
393	153
91	150
248	154
80	152
126	155
436	150
54	151
203	153
219	152
59	151
398	153
52	150
176	152
259	149
55	150
387	152
54	151
146	152
290	150
53	154
406	153
83	152
140	152
326	152
55	154
363	156
87	157
134	157
427	168
80	206
396	230
79	209
167	225
420	220
89	222
379	231
89	224
175	234
448	236
97	236
361	235
110	239
179	240
466	243
99	236
343	241
124	245
199	243
497	250
99	239
411	248
103	252
186	242
502	254
109	257
399	255
112	258
192	256
511	258
116	249
289	256
306	258
146	259
493	257
154	259
278	261
357	258
166	258
508	260
107	256
235	275
270	256
201	263
527	258
107	259
213	268
405	255
135	250
459	266
106	259
200	264
433	258
124	253
412	255
104	253
192	259
449	261
127	268
479	263
108	264
201	270
479	276
131	274
477	284
115	277
218	288
512	290
140	294
473	292
129	298
231	306
471	306
172	314
489	320
163	318
262	329
514	329
189	326
483	338
196	347
285	350
599	347
188	351
376	359
276	367
318	365
632	368
210	375
474	377
286	380
301	392
637	385
193	392
452	394
344	413
303	399
651	408
227	411
351	420
542	406
291	416
655	410
223	394
292	339
476	269
185	302
520	272
116	277
205	274
364	262
173	261
500	258
143	252
250	248
374	246
148	238
461	235
92	231
193	227
376	226
112	221
425	216
86	215
163	213
385	210
86	208
447	203
78	202
145	199
392	201
135	198
388	195
75	193
143	192
455	191
73	189
332	187
74	184
130	186
413	182
70	181
306	181
104	180
111	180
415	178
70	177
277	177
138	175
94	173
434	174
111	173
172	174
231	172
110	173
444	170
64	173
231	170
214	170
80	172
419	169
65	172
195	167
255	168
69	167
418	167
61	168
166	168
289	169
60	165
418	167
102	168
167	169
330	166
64	169
408	167
61	167
126	167
246	166
97	167
429	166
61	169
124	168
367	171
61	168
344	167
61	171
127	168
386	172
63	169
322	168
96	171
149	168
412	169
64	169
378	170
63	168
125	170
420	170
65	169
276	173
128	169
94	169
436	172
66	171
253	170
168	174
87	172
414	169
66	171
230	172
204	171
77	172
414	170
63	170
194	170
126	169
125	173
448	168
66	170
172	168
174	170
120	170
448	168
63	170
255	169
167	169
87	170
427	166
66	169
231	168
211	167
76	167
415	167
62	166
120	166
359	164
62	166
405	165
59	165
123	163
380	165
61	163
387	165
59	163
122	162
319	161
60	163
373	162
57	161
121	160
409	162
127	161
295	161
126	162
91	162
406	161
60	159
248	160
69	160
116	157
425	163
59	158
323	159
58	160
115	158
436	158
62	162
296	156
84	159
99	160
427	155
58	161
275	156
115	158
83	156
397	153
60	157
244	153
150	158
72	155
400	155
56	154
224	153
192	156
68	154
404	154
56	153
114	154
257	154
64	153
413	156
57	154
170	153
275	154
58	152
387	153
55	153
141	150
302	150
53	152
375	151
51	152
119	154
403	150
58	151
356	152
53	152
118	151
411	152
79	151
344	151
52	150
118	152
367	153
56	151
316	148
53	151
116	155
382	150
57	156
298	154
81	161
110	173
427	210
91	218
318	217
110	228
181	220
484	232
96	225
406	232
97	233
181	233
488	229
98	238
288	239
258	238
149	244
492	236
99	242
258	238
303	242
146	239
493	251
101	244
233	244
347	251
147	251
497	256
124	244
223	256
385	255
143	253
462	252
101	256
199	267
423	264
139	257
455	265
106	254
200	260
436	257
124	266
423	260
113	258
200	267
461	262
124	262
477	265
109	260
202	270
467	267
112	264
450	252
106	256
193	254
492	261
108	258
444	270
107	260
201	264
446	269
138	264
443	272
119	269
212	274
529	284
120	278
322	284
295	288
191	297
524	286
129	299
309	302
226	306
248	306
577	310
150	321
405	319
247	329
240	322
586	333
163	340
288	335
463	352
235	357
564	356
198	360
298	365
500	367
240	370
610	382
197	381
302	393
551	384
258	393
617	400
220	400
320	399
505	407
302	405
639	415
246	413
342	414
543	410
293	403
605	382
178	296
256	282
454	296
162	269
477	281
142	270
212	265
443	261
133	253
430	252
101	245
185	241
491	236
98	234
379	230
89	226
169	224
483	221
90	218
344	215
104	214
142	209
403	206
82	205
314	203
138	200
119	198
460	197
71	191
174	194
324	192
85	188
440	187
71	187
149	186
244	183
116	182
426	183
67	180
223	180
239	180
70	178
415	177
70	177
195	179
276	173
73	174
404	173
64	171
160	174
304	169
65	172
418	169
62	170
138	170
331	172
67	169
412	168
62	171
120	164
352	170
59	164
348	169
59	165
129	168
377	166
60	168
327	167
58	166
124	168
391	166
63	168
311	167
61	166
124	167
408	169
66	169
286	167
111	169
102	168
434	169
63	170
267	169
161	171
94	170
432	169
66	170
244	170
187	169
83	171
419	170
62	169
212	167
230	171
80	170
418	166
63	171
184	169
267	171
72	169
414	170
71	173
164	169
200	173
99	171
441	170
72	172
250	171
188	169
87	172
429	171
62	171
126	171
354	170
63	170
353	170
60	170
124	171
369	168
62	166
400	171
73	169
125	166
388	167
60	168
386	166
59	168
127	167
410	165
64	166
288	167
104	166
96	165
403	165
65	167
265	165
139	164
86	165
407	166
62	165
232	162
67	164
122	162
432	164
59	160
311	163
71	162
109	164
434	162
59	162
291	160
102	160
94	160
431	164
60	161
258	160
134	158
79	158
396	159
59	157
236	160
171	159
60	158
408	158
59	158
113	156
341	158
59	159
402	155
56	155
118	157
276	156
71	154
395	158
54	154
155	156
292	156
55	155
377	156
53	154
117	155
393	152
60	155
278	152
69	154
122	157
411	154
60	155
344	151
52	154
119	153
422	155
54	152
326	153
52	151
116	153
378	153
56	153
304	151
64	153
97	150
386	154
114	152
298	151
98	152
87	151
392	153
57	150
258	152
55	152
118	152
417	152
57	150
233	151
166	151
64	151
405	153
60	154
213	158
217	162
107	192
463	231
81	207
229	224
309	225
124	227
481	231
89	220
205	227
350	233
123	229
451	231
95	240
178	239
466	239
91	234
427	244
96	239
187	249
416	243
87	240
409	250
101	246
191	250
442	258
109	244
402	250
110	249
197	259
466	258
111	252
382	252
127	261
204	253
486	256
114	258
448	266
100	250
197	263
503	265
106	260
427	262
107	262
196	261
504	256
130	260
333	260
264	262
174	262
506	259
107	258
290	258
302	268
164	260
505	264
117	270
265	262
225	260
214	267
535	264
112	265
240	272
380	272
161	273
499	280
122	281
236	286
429	288
170	294
495	299
145	300
240	310
464	297
177	311
540	311
130	308
241	332
503	329
191	332
540	325
154	341
257	342
535	351
202	357
550	355
185	356
286	362
499	360
249	376
569	373
214	376
318	387
547	386
258	390
567	393
240	398
334	396
647	403
240	398
456	411
295	408
366	411
652	419
233	407
524	412
268	404
318	385
604	306
141	270
399	290
186	263
199	272
526	262
108	259
229	253
361	246
136	242
488	236
95	234
188	224
369	225
112	218
406	215
82	213
160	208
284	205
130	202
460	201
75	196
215	193
276	190
93	190
425	186
69	184
180	183
305	180
79	180
399	177
66	174
144	175
324	171
63	170
412	169
61	169
117	167
326	164
60	165
353	163
56	161
125	163
424	161
58	158
336	160
56	159
123	157
380	157
59	156
313	157
59	156
110	155
393	157
59	155
287	155
91	153
92	156
422	156
57	155
159	156
170	154
106	156
430	155
55	156
245	156
161	155
75	158
411	153
58	156
216	156
202	156
66	155
403	156
59	156
190	157
243	157
60	155
414	157
57	156
158	157
281	156
58	155
410	156
56	157
138	156
209	156
99	156
426	155
55	156
121	156
337	157
55	159
360	162
62	175
149	207
406	223
64	182
364	209
80	200
152	205
414	204
81	207
421	204
80	208
154	206
436	206
85	207
328	208
121	210
138	212
466	206
90	212
306	211
167	209
130	212
451	216
111	219
302	211
217	215
130	214
459	212
89	213
262	215
134	217
179	217
493	214
88	216
232	214
175	217
172	219
495	216
84	215
317	219
171	218
135	212
475	218
106	217
289	215
211	220
131	215
474	216
87	217
165	214
387	219
98	216
457	220
83	215
160	215
405	217
88	213
437	216
86	216
162	213
335	214
107	217
434	212
81	214
165	215
443	220
90	218
336	216
127	218
148	221
449	221
92	226
319	222
115	227
185	225
485	226
96	229
388	229
96	232
179	232
489	238
96	237
378	236
104	238
175	242
501	246
105	245
356	246
150	248
174	252
477	249
107	253
340	254
201	258
176	259
492	259
111	261
322	266
248	267
175	269
525	272
113	273
211	279
336	275
199	281
534	277
122	283
289	285
351	287
183	287
526	293
128	292
266	296
398	298
183	296
517	299
137	305
234	305
521	306
155	312
495	310
163	316
252	313
539	317
164	319
488	319
159	320
259	326
506	328
188	326
487	329
181	335
272	332
534	333
192	337
476	340
198	339
273	344
559	344
194	346
455	347
217	351
298	352
587	351
190	354
521	357
189	355
289	361
603	359
204	359
419	362
338	367
273	367
623	367
196	368
399	372
387	371
272	372
622	378
196	376
374	378
429	378
270	381
622	380
202	380
352	386
475	382
270	384
603	386
221	392
315	387
524	392
272	391
594	389
226	389
332	391
551	395
264	393
577	397
235	396
326	396
573	399
255	398
619	400
223	400
321	400
592	405
257	400
607	405
229	405
329	405
617	405
250	404
596	410
236	407
334	409
565	408
281	407
593	409
253	407
342	410
642	409
241	409
469	409
379	410
319	412
651	408
243	411
443	414
310	412
366	412
677	410
256	414
522	413
300	411
334	412
664	413
241	413
385	413
494	414
296	416
634	414
251	414
371	417
541	414
298	415
660	415
237	415
347	416
564	418
286	415
644	413
234	416
332	412
494	417
324	417
660	418
248	414
342	417
516	417
307	415
639	415
247	417
368	413
537	417
295	414
619	415
257	414
356	415
569	417
292	416
604	416
262	414
352	416
658	414
258	414
569	415
259	417
351	416
662	418
246	414
540	416
264	417
345	417
626	416
266	415
530	415
303	418
340	412
674	415
245	416
392	414
503	414
306	416
653	415
234	414
362	417
427	415
347	417
679	416
239	416
449	416
422	413
309	413
660	417
244	415
423	414
460	416
305	414
648	416
245	417
393	416
502	415
301	416
656	415
236	415
365	418
531	416
292	415
648	415
232	419
343	419
552	417
286	417
602	417
257	416
351	416
593	417
285	415
584	418
266	414
356	415
616	420
276	416
559	417
278	415
356	416
617	418
247	414
522	415
293	419
339	416
671	417
245	415
505	417
334	415
331	415
674	416
247	414
473	415
376	414
327	419
652	416
248	417
452	418
415	416
312	415
647	416
232	415
421	418
449	416
305	418
652	415
236	417
394	418
384	416
360	417
688	418
255	418
486	416
376	418
330	419
673	417
246	420
356	418
565	418
291	420
607	420
255	418
347	421
583	420
282	421
646	421
242	418
342	423
606	422
281	419
633	421
245	421
344	419
624	418
273	421
539	419
296	421
347	419
645	424
267	420
509	419
336	419
334	420
641	417
251	421
483	420
300	419
377	420
678	417
265	418
557	417
267	417
352	416
675	419
253	418
534	420
285	416
344	416
669	416
251	414
501	421
318	413
330	419
639	419
249	415
483	414
366	416
324	414
669	414
241	415
355	415
555	414
297	417
652	414
235	414
334	415
479	415
327	415
662	416
246	415
405	417
480	413
300	415
637	414
240	412
338	415
613	414
267	415
537	412
279	415
360	414
645	415
269	414
597	412
249	415
346	415
628	415
265	415
573	416
247	419
340	414
598	419
273	414
567	418
267	416
346	416
619	416
270	416
542	411
281	411
339	406
621	394
223	349
410	251
165	271
223	252
505	246
106	246
330	243
193	234
152	230
487	225
121	221
308	214
222	211
129	207
467	202
82	200
248	195
242	192
104	189
438	188
72	183
204	183
265	181
81	178
410	175
65	175
127	172
408	169
65	169
386	167
58	165
125	164
322	164
57	161
373	161
56	160
127	158
340	157
58	158
353	155
54	157
117	158
356	154
57	156
334	156
55	155
117	154
347	154
51	154
388	156
54	156
115	159
391	161
63	166
388	184
95	238
158	194
451	202
88	209
308	207
163	212
133	211
451	211
89	218
288	210
208	218
135	222
427	214
92	221
265	217
131	224
179	226
493	223
96	231
249	228
307	238
136	234
477	236
96	239
231	240
350	243
143	248
473	251
102	249
213	256
389	256
138	254
531	260
110	265
206	262
426	269
147	270
509	280
119	275
209	280
456	281
156	286
514	288
122	290
221	296
405	293
196	303
530	301
138	306
264	308
435	310
192	317
520	317
152	321
238	320
547	330
168	327
419	334
210	335
290	338
593	339
190	344
497	344
189	346
282	346
603	350
193	353
487	358
208	359
292	364
614	362
200	369
374	373
422	373
263	377
616	379
195	382
353	384
466	385
274	388
631	389
210	393
342	394
406	395
330	402
660	396
228	402
442	406
406	401
304	409
653	408
232	411
418	414
444	410
304	420
647	418
246	418
397	417
502	422
301	418
664	417
239	423
371	419
538	426
302	419
632	421
256	417
349	418
636	410
248	399
542	329
139	256
221	276
442	251
124	252
428	250
98	244
181	236
432	232
95	228
377	220
85	219
162	212
480	207
85	206
243	201
135	197
158	193
473	191
75	188
306	186
115	181
102	181
439	176
67	177
273	174
142	172
82	171
413	169
62	167
241	166
179	162
76	162
415	162
59	159
215	159
215	159
68	158
414	157
58	159
184	156
137	156
106	155
429	154
56	155
154	153
292	155
55	155
386	155
54	155
139	156
322	156
57	158
376	162
61	165
131	180
388	230
78	202
437	196
83	213
155	208
408	215
85	213
376	212
83	213
162	214
481	213
91	218
360	218
91	220
158	222
451	225
93	224
343	224
140	231
156	234
467	230
110	231
334	235
130	241
200	240
507	247
111	241
312	248
141	250
208	247
529	257
109	253
397	263
125	260
195	264
529	264
113	267
379	272
176	277
198	278
550	284
121	281
257	284
394	293
179	296
544	298
127	300
247	298
435	304
183	307
542	309
139	318
239	311
374	317
239	322
587	331
156	325
252	326
511	334
192	335
500	343
186	339
283	348
554	350
204	350
490	355
211	355
298	360
582	359
212	362
540	368
188	367
291	367
603	374
216	377
548	376
213	380
314	386
627	384
222	383
541	391
229	390
328	392
596	393
251	400
542	402
256	400
331	404
614	402
247	406
520	409
296	413
333	409
677	416
240	413
391	419
398	418
360	416
696	423
252	418
483	420
386	421
326	421
676	422
246	422
453	421
416	418
309	417
664	410
216	390
262	305
474	262
152	272
501	251
104	253
187	247
447	243
102	236
452	230
89	225
167	221
362	215
105	213
433	207
80	205
158	202
363	196
67	195
390	192
68	188
140	185
375	182
68	180
362	179
65	176
129	174
384	172
65	171
404	168
60	165
122	167
394	164
61	164
306	163
75	160
102	159
431	159
63	159
278	158
111	155
84	158
401	156
58	154
257	155
138	155
76	154
402	154
58	152
235	155
177	154
67	156
413	155
57	155
117	158
253	161
98	165
442	190
98	240
219	189
298	207
101	211
438	206
81	208
191	213
342	208
100	211
470	213
88	218
176	216
375	213
103	216
474	224
89	221
164	223
404	224
101	227
451	234
94	232
174	232
345	237
147	237
481	237
99	244
181	243
455	243
104	248
379	249
122	250
184	256
481	258
113	259
369	263
138	262
218	268
522	274
130	275
445	276
123	287
216	284
536	288
128	286
343	293
287	298
200	292
555	301
132	303
327	306
338	310
207	313
558	317
143	315
312	320
392	323
219	325
575	330
149	335
288	333
322	338
268	347
607	341
170	348
286	347
383	355
282	355
627	359
186	356
390	364
388	364
265	369
620	372
203	374
368	373
443	380
266	377
615	382
208	388
308	386
588	393
239	392
597	395
213	394
320	400
613	398
244	402
592	405
234	408
331	404
568	408
276	412
595	413
253	414
348	416
666	419
255	417
476	418
397	421
325	420
655	415
244	423
438	424
315	422
370	421
692	419
257	418
528	417
304	407
318	383
568	274
135	268
368	268
201	249
179	254
515	245
102	241
309	235
217	229
142	226
469	220
89	216
268	211
240	208
115	204
452	200
78	195
222	194
264	191
92	188
432	185
68	182
131	180
304	176
80	177
410	171
63	172
149	169
315	169
60	167
384	165
88	165
146	163
345	162
58	160
366	158
56	159
122	158
423	155
59	156
348	156
52	155
120	156
429	154
55	153
324	155
53	154
114	154
383	154
57	155
301	155
76	155
99	157
393	159
62	162
286	172
138	212
142	231
443	186
86	210
291	202
103	210
174	211
482	211
84	208
369	216
84	215
160	214
480	214
89	219
249	219
274	224
119	224
472	226
95	231
230	226
326	225
131	237
487	235
96	234
209	238
368	244
133	243
491	243
102	248
197	248
407	256
126	256
457	263
116	262
206	264
444	269
126	271
441	272
117	277
216	283
475	276
145	284
440	289
146	287
232	289
511	295
149	297
503	298
163	307
246	304
544	312
164	312
493	315
142	320
245	319
560	324
161	326
483	326
164	336
264	334
527	337
199	342
499	347
196	346
287	351
612	349
189	355
380	359
393	363
256	359
609	366
180	369
356	376
330	375
314	369
633	380
210	383
460	386
328	385
294	384
650	395
211	391
332	397
534	394
267	395
600	405
239	403
333	404
573	410
272	405
631	409
225	413
329	412
595	417
269	417
628	421
233	419
336	419
534	420
309	424
643	420
255	426
352	423
568	422
299	421
629	423
256	418
353	415
573	396
235	334
490	257
140	276
202	253
446	253
109	249
411	244
97	238
180	232
497	227
90	221
366	217
85	212
152	209
481	205
82	204
327	197
104	192
124	192
430	188
76	186
293	185
133	179
94	181
455	176
67	174
152	173
315	170
67	169
421	166
60	166
127	164
243	164
96	162
431	160
57	160
202	161
242	158
64	157
406	157
60	156
156	155
261	155
57	153
394	155
57	154
143	154
308	155
53	153
420	154
55	154
124	156
336	156
60	157
411	160
60	166
132	188
406	242
71	188
375	206
77	204
153	207
420	207
80	206
368	211
84	215
156	214
443	218
88	218
347	215
92	218
169	217
467	226
96	228
331	223
162	231
146	227
492	230
97	238
318	239
210	233
150	241
497	246
104	247
298	244
256	247
154	253
503	252
110	261
281	261
316	262
167	267
522	272
116	274
261	271
367	276
171	280
527	281
120	284
242	287
303	294
225	293
569	297
130	300
340	301
298	308
204	306
562	314
137	313
240	322
490	321
186	323
500	326
178	328
265	333
529	335
191	335
556	342
160	341
264	347
552	349
195	355
547	353
177	362
281	357
562	363
204	367
458	364
279	374
288	375
606	373
212	377
447	380
333	383
293	387
627	388
219	390
435	394
281	393
351	394
665	396
235	400
514	404
262	407
321	404
663	405
230	409
502	411
316	416
328	411
675	414
243	418
488	420
365	417
331	426
664	421
255	424
469	422
407	419
319	423
675	421
239	416
329	413
562	406
259	381
557	272
114	271
199	264
362	250
163	253
499	248
98	239
220	235
355	231
122	224
451	221
86	217
160	212
446	208
85	203
324	199
79	196
142	192
437	191
73	187
376	184
68	183
134	179
444	176
63	176
347	173
61	172
130	169
395	169
61	165
320	165
63	166
111	161
401	162
61	162
292	160
92	159
91	156
390	158
58	155
272	155
59	156
121	154
425	154
60	156
241	154
157	154
69	152
420	155
54	155
227	155
202	156
68	156
413	160
61	162
202	176
280	221
94	209
439	192
84	210
200	206
322	210
101	212
444	210
81	213
162	216
450	218
85	213
425	223
84	217
166	216
398	226
100	224
419	225
90	229
179	232
423	230
94	236
391	236
94	237
180	239
447	242
108	250
392	251
111	246
197	255
481	253
114	260
456	259
110	268
204	269
508	271
117	271
450	273
114	278
212	281
521	282
125	291
351	291
266	296
196	295
542	302
129	301
337	307
321	308
214	314
561	312
141	317
321	317
258	322
273	328
598	324
165	334
311	337
431	336
236	342
554	342
166	346
299	353
475	349
228	356
564	357
198	362
297	361
526	371
241	367
612	369
189	372
295	379
549	378
248	386
611	384
205	390
308	388
583	393
246	399
581	394
210	396
321	400
530	399
282	411
622	408
242	406
349	407
568	418
288	414
606	413
258	421
353	419
666	423
258	417
481	421
305	426
378	422
685	423
266	419
559	424
271	418
349	414
662	403
203	365
424	257
176	280
201	258
531	255
105	254
245	247
342	240
136	235
492	231
91	225
196	219
354	216
108	212
463	210
77	202
155	201
255	198
123	195
459	190
69	189
227	186
248	185
87	182
431	180
65	178
192	176
281	175
71	173
410	172
64	171
155	170
309	169
62	168
422	165
62	164
131	165
319	165
61	162
369	163
58	164
124	161
420	161
61	161
350	162
56	160
122	158
376	160
61	161
329	160
55	160
120	158
389	160
59	159
306	160
72	157
98	160
432	160
60	160
181	159
142	158
111	159
443	158
57	158
267	162
140	157
82	161
428	161
62	162
236	162
175	160
73	163
408	164
62	162
213	164
219	163
66	165
412	164
58	163
185	162
262	165
65	163
419	162
62	167
157	162
188	165
112	164
446	164
60	164
136	164
327	164
60	166
373	163
59	167
127	165
353	167
59	164
354	167
59	167
118	163
366	168
61	164
402	166
56	163
125	165
389	165
63	166
315	165
68	163
112	164
442	164
65	163
290	163
98	164
95	163
441	166
61	161
268	164
130	162
84	162
400	161
61	161
245	162
69	162
126	161
439	161
62	160
219	160
92	162
129	161
446	161
58	157
292	160
94	159
95	159
409	158
59	159
268	160
125	159
74	157
423	161
58	159
136	158
320	158
56	157
420	158
56	155
119	158
340	155
59	156
407	156
55	156
118	156
269	155
64	157
394	156
56	155
111	153
374	154
56	154
315	155
58	156
110	153
395	153
58	156
293	154
55	156
120	154
410	153
61	154
353	157
54	156
123	159
412	168
70	184
375	227
83	206
158	213
483	223
93	225
373	232
97	230
170	234
458	230
96	232
348	227
138	233
161	236
472	234
99	234
327	238
191	246
155	233
502	245
102	249
200	246
281	247
185	252
563	247
105	255
293	243
276	243
153	251
505	255
103	247
263	249
317	243
150	256
497	253
106	259
192	252
461	250
110	254
466	255
109	257
186	256
465	251
101	249
442	253
104	251
190	255
417	249
127	249
441	253
106	259
197	257
442	252
124	249
424	264
108	258
203	267
474	271
129	271
409	270
136	275
219	278
491	279
134	282
482	289
124	294
221	296
530	302
143	304
394	314
252	318
234	318
584	325
153	325
382	327
303	333
242	342
576	336
168	341
372	346
364	357
244	357
597	366
183	367
367	372
430	377
269	384
615	377
210	388
314	389
503	392
285	392
623	396
235	408
363	412
542	412
293	417
621	415
259	422
352	417
580	425
286	415
635	400
195	356
235	269
479	301
150	274
509	277
114	274
201	265
467	262
120	257
469	251
101	250
181	242
385	237
123	234
448	229
90	227
167	221
429	221
91	217
321	215
161	213
128	207
442	207
84	204
283	199
98	198
163	194
473	197
79	193
346	193
72	189
134	188
456	185
73	185
214	181
254	183
84	179
412	180
68	177
181	177
285	177
70	175
423	174
65	173
153	171
318	172
68	171
425	170
63	170
131	168
239	169
100	167
433	166
64	167
121	166
267	169
87	165
420	166
58	162
182	164
275	166
64	162
390	162
61	164
148	165
310	163
62	161
385	165
57	163
124	162
413	163
64	165
369	162
56	162
124	163
424	164
59	164
345	163
57	164
129	166
385	164
61	166
319	164
59	166
123	165
445	168
63	166
207	167
234	164
71	166
419	168
62	165
178	166
161	168
118	164
446	167
62	166
262	166
152	166
75	167
427	168
63	166
237	168
193	166
79	169
428	173
63	168
208	167
234	169
70	166
417	168
64	168
179	166
274	168
68	166
415	168
62	164
151	169
306	165
57	164
370	166
59	166
126	164
335	165
63	165
365	161
58	163
126	163
356	163
61	164
351	165
56	160
122	164
374	160
60	160
329	162
56	160
122	161
437	162
60	161
310	162
74	159
105	160
431	160
62	161
282	160
107	160
90	159
400	158
59	159
261	160
140	156
77	158
402	159
57	158
233	158
196	156
70	155
410	158
58	153
207	157
106	158
113	152
442	157
56	155
286	156
102	155
87	154
428	155
56	154
149	156
294	153
53	156
381	153
56	154
126	153
322	153
56	154
411	153
54	153
113	155
346	153
54	153
406	155
54	153
112	153
363	154
55	154
328	155
54	155
116	154
386	159
56	157
312	168
87	194
154	227
445	206
90	215
336	230
100	216
179	223
478	226
94	225
402	229
90	232
178	234
494	239
100	236
390	240
94	235
180	239
497	234
101	245
369	237
117	240
173	243
470	242
104	248
352	248
168	250
155	241
510	251
104	248
220	246
377	254
147	250
505	248
106	254
204	253
304	251
187	259
524	250
103	252
288	261
302	255
160	258
509	254
104	254
187	249
424	250
103	248
400	255
109	256
191	251
469	257
109	251
464	260
107	261
197	261
492	265
109	261
445	259
113	269
201	263
443	270
137	270
450	282
152	278
227	288
477	280
148	284
451	299
150	300
239	300
518	312
167	315
442	315
183	321
265	319
558	328
179	322
435	334
243	335
259	344
603	343
172	352
421	350
300	363
254	359
621	372
187	370
404	370
355	378
281	388
628	386
215	395
409	393
418	394
297	413
651	409
237	416
335	415
594	414
272	409
633	421
232	412
332	412
522	396
243	323
534	276
143	298
236	270
429	280
156	270
476	266
111	262
193	254
423	249
118	245
426	240
96	239
175	234
423	229
92	226
448	221
89	221
160	217
427	214
83	211
408	208
80	206
152	201
436	202
80	197
320	197
113	193
127	195
432	192
77	190
288	185
146	187
104	184
431	184
73	183
257	181
83	179
143	177
450	179
69	176
230	175
219	174
69	172
425	176
61	169
202	172
259	171
74	173
415	172
64	170
167	169
291	168
63	167
420	166
62	169
140	165
321	166
64	169
418	166
60	163
115	166
328	164
58	163
414	164
61	164
120	165
272	163
80	163
414	163
58	163
171	162
291	165
65	161
396	166
57	162
123	164
403	164
65	166
297	165
62	166
127	166
396	167
66	167
365	169
58	165
128	165
432	166
61	167
344	167
60	166
128	167
441	165
63	166
224	164
206	169
76	167
412	165
62	168
197	168
252	169
67	167
410	170
60	166
170	170
174	166
119	170
449	168
61	167
255	167
166	170
82	168
427	165
62	169
232	167
205	164
76	168
418	168
64	165
194	167
248	167
72	167
413	166
62	164
168	164
283	166
63	164
394	165
58	164
122	162
402	164
60	163
379	164
57	162
121	160
344	162
57	161
364	163
57	161
121	160
356	160
52	160
345	160
55	162
124	159
436	161
59	158
227	159
81	162
127	158
445	156
58	156
302	159
85	159
101	158
428	157
60	158
267	158
115	156
74	154
398	157
58	155
250	155
154	156
72	155
406	156
56	155
227	154
195	154
67	155
401	154
57	152
196	154
113	153
114	152
435	153
53	152
167	153
260	154
54	152
386	152
53	154
133	153
308	154
55	154
376	152
56	154
121	151
326	152
54	154
412	152
54	152
112	154
349	156
55	153
342	155
54	159
127	173
461	212
88	224
361	209
90	223
157	216
442	219
88	218
352	229
125	235
157	227
462	235
100	234
329	225
118	236
191	237
495	241
103	240
316	244
137	244
201	243
518	248
101	242
378	240
105	245
181	250
511	250
100	243
375	260
141	247
177	249
519	256
106	251
247	259
349	246
147	254
507	254
105	253
217	258
388	258
145	257
506	257
110	258
202	257
314	254
183	258
522	257
103	256
185	247
431	251
118	252
424	255
103	252
196	258
455	252
109	250
403	266
118	258
200	259
481	261
118	267
466	274
116	278
209	281
506	281
118	280
462	292
121	290
218	285
534	294
127	293
443	304
140	307
242	315
506	312
176	323
466	322
178	329
266	336
549	339
188	341
468	351
227	343
276	358
630	358
183	366
345	366
337	367
309	369
649	383
207	376
447	387
345	389
295	390
647	399
226	405
439	405
404	411
308	415
655	417
237	421
335	414
576	418
270	415
636	402
205	370
241	269
502	298
154	280
501	274
114	274
202	267
401	262
151	257
476	253
102	251
194	242
401	240
117	236
431	230
91	228
168	222
404	221
85	216
396	217
81	212
158	210
415	207
81	204
429	202
75	198
147	199
419	196
77	194
331	192
86	189
130	189
455	186
73	188
301	183
121	184
110	180
426	179
93	177
287	176
164	179
100	176
422	172
68	177
245	172
192	175
82	174
430	169
65	172
122	170
257	167
91	171
426	168
60	167
185	165
265	169
64	167
402	167
66	164
151	166
299	164
64	165
422	167
60	164
133	166
329	163
60	164
420	165
94	165
132	164
354	164
59	162
412	164
61	163
119	164
282	163
75	166
405	165
60	165
118	165
386	167
65	168
313	164
74	168
111	168
405	167
65	167
291	167
61	166
124	167
424	166
66	167
356	167
59	165
127	166
441	169
63	167
240	165
182	168
79	169
428	168
64	167
218	170
224	166
76	170
418	170
66	168
187	167
265	168
69	168
416	167
62	166
156	167
189	165
114	169
452	165
81	170
142	165
229	168
103	166
440	164
63	165
219	166
225	164
73	166
417	164
62	164
186	165
264	165
65	163
403	165
58	161
121	163
390	162
61	159
385	163
57	160
124	161
358	161
56	159
374	162
57	161
125	160
350	159
58	160
354	159
55	159
124	162
426	158
60	158
236	159
171	157
67	160
401	158
58	158
208	156
91	159
118	156
449	157
58	157
289	155
98	157
95	157
432	155
60	155
262	156
130	154
77	154
419	155
58	155
236	154
194	157
78	152
414	156
57	153
207	155
205	152
55	154
408	153
56	154
182	153
251	152
58	153
398	155
53	152
115	152
299	153
55	151
384	153
52	152
134	153
319	155
51	150
369	152
86	154
127	154
347	156
56	156
341	166
70	190
163	226
468	204
84	207
384	229
83	217
169	221
493	223
95	230
363	226
103	229
166	238
459	236
105	241
348	239
159	242
161	239
508	239
105	245
334	240
201	240
160	243
489	244
104	246
305	242
144	247
213	253
529	249
106	253
385	252
123	252
188	253
516	255
108	253
259	259
333	253
147	257
488	249
108	256
230	257
372	253
146	258
511	259
105	257
209	260
402	253
139	251
499	253
109	262
189	253
422	256
117	248
434	258
102	251
194	252
428	262
114	258
454	266
125	259
206	264
474	263
123	268
402	269
137	277
224	285
513	281
132	280
473	288
121	288
227	300
534	295
144	304
475	314
143	310
236	315
557	323
156	328
465	325
174	334
266	333
546	347
200	345
478	346
215	351
282	355
622	362
197	370
360	368
442	379
267	381
623	386
201	386
341	385
383	398
330	401
626	402
214	400
451	409
385	416
302	414
659	413
234	420
332	411
567	406
266	385
525	300
161	280
243	294
477	269
151	280
502	270
106	262
195	260
465	253
105	249
456	244
97	241
167	235
373	234
111	228
433	226
87	222
169	219
395	216
97	214
401	211
79	206
155	205
402	202
77	200
364	198
75	197
140	190
408	194
76	189
336	190
75	186
131	188
448	184
69	182
309	182
103	180
110	177
450	179
70	177
280	177
138	176
97	176
421	172
68	173
251	172
174	172
82	168
430	172
64	168
123	170
339	168
69	167
412	168
60	165
119	166
275	166
80	166
415	166
57	165
169	163
296	164
61	166
390	163
61	167
138	163
320	164
59	163
375	164
62	163
110	163
332	165
57	163
418	165
58	164
124	165
367	167
61	164
402	166
60	168
123	167
387	168
64	170
319	164
66	169
117	170
399	166
66	169
299	169
97	170
108	167
433	169
67	168
272	168
67	170
129	168
436	170
65	167
249	168
169	170
85	170
428	168
64	174
231	172
215	170
78	170
420	173
67	173
198	168
257	174
70	171
414	172
66	171
173	172
294	170
68	172
424	170
64	170
146	174
323	169
66	168
423	172
64	170
128	169
250	170
98	169
434	172
60	167
203	171
255	168
70	168
405	167
62	168
119	167
358	166
61	168
320	165
60	168
119	165
403	168
62	164
377	168
59	165
126	165
418	168
57	164
362	165
60	166
119	164
429	166
62	163
247	164
165	166
78	163
405	160
63	165
222	162
205	165
69	161
408	163
60	160
193	162
129	167
118	160
441	161
62	161
272	161
124	162
81	159
424	162
59	159
251	160
162	161
65	157
414	161
59	159
224	159
204	161
66	158
409	157
58	158
194	160
244	156
62	161
399	157
56	159
118	156
376	158
55	156
387	157
57	155
115	159
319	156
53	157
375	158
53	155
124	156
340	158
58	158
359	154
54	158
118	153
422	157
58	155
245	154
59	152
126	157
431	154
56	151
319	156
55	153
101	155
419	157
55	152
292	151
86	154
97	156
396	154
57	154
270	155
117	151
81	154
404	155
55	151
243	153
154	152
69	152
402	153
57	153
216	152
73	154
116	153
430	154
58	150
193	153
238	153
59	151
401	154
54	155
165	153
279	154
53	150
389	156
56	154
139	156
311	160
58	163
424	174
82	211
172	228
392	225
101	227
420	228
103	233
189	242
491	232
94	235
396	240
100	251
188	246
450	242
106	250
387	245
110	249
184	251
468	247
105	249
364	248
122	250
194	253
500	259
113	258
353	265
147	265
212	258
510	260
108	254
418	269
112	266
198	259
522	269
112	266
406	273
121	268
194	262
528	273
113	270
281	271
333	270
162	265
505	265
111	267
256	273
371	267
167	268
517	262
112	264
217	259
288	259
208	275
543	273
116	273
212	277
434	275
155	286
469	277
128	290
223	288
472	294
157	300
460	306
140	298
238	309
510	314
167	310
527	320
145	323
250	329
541	332
184	339
533	347
174	351
279	355
584	352
200	358
533	364
203	379
300	369
552	375
240	384
553	394
236	393
329	391
590	397
252	399
543	405
261	408
340	409
668	412
243	407
412	405
324	382
286	291
586	292
142	295
376	273
218	285
196	274
536	271
123	263
325	259
229	257
161	252
511	246
100	243
189	239
399	234
115	233
476	229
91	227
167	223
408	220
95	218
447	215
84	212
158	210
328	206
109	205
440	204
77	201
179	201
340	199
83	197
409	195
74	194
154	190
358	192
75	189
378	189
70	184
136	188
373	186
67	183
423	184
65	181
132	182
390	179
66	180
336	178
65	177
122	177
444	178
66	174
314	175
83	174
118	175
412	173
67	173
291	174
116	174
98	169
413	172
67	169
263	170
151	172
87	171
430	169
65	171
135	169
232	170
109	169
439	170
61	169
214	166
235	170
78	167
414	168
65	171
182	170
274	170
70	169
423	169
62	167
152	170
305	167
61	167
420	171
80	167
140	171
338	169
65	170
418	168
78	173
132	169
268	173
98	169
430	169
63	171
123	172
377	168
64	171
334	169
62	174
127	170
396	171
65	171
309	169
91	170
144	168
398	168
67	172
361	168
64	173
131	174
428	169
69	172
267	174
148	171
92	174
440	173
68	170
242	175
191	172
82	172
422	171
67	173
217	173
228	170
68	172
417	172
63	170
185	173
153	170
126	173
454	170
63	169
158	169
198	171
120	170
449	170
86	168
254	172
193	169
85	167
432	169
65	169
217	168
227	170
72	169
416	166
64	171
120	167
370	168
63	168
403	169
60	166
120	166
392	167
63	167
389	169
59	166
125	163
332	167
57	164
373	166
58	165
125	164
422	166
79	167
292	165
144	161
84	166
413	164
63	165
241	163
74	164
130	163
444	163
61	163
310	160
69	164
109	163
436	160
61	162
287	161
100	160
98	161
451	160
61	159
264	166
133	158
81	161
406	159
59	160
240	160
176	158
77	162
409	156
59	158
213	157
215	161
66	158
408	157
58	160
116	157
277	161
86	156
427	158
52	157
157	154
292	157
56	158
383	157
52	153
133	156
319	155
57	155
370	156
54	157
119	155
413	157
60	153
351	159
53	154
120	158
423	154
51	150
326	156
53	154
114	154
380	154
53	152
313	157
60	153
103	155
393	154
59	151
287	152
92	152
91	153
397	153
60	154
261	153
57	152
120	152
437	154
59	151
337	154
71	150
121	151
430	155
58	154
214	153
207	153
66	152
406	151
52	151
185	152
249	154
60	154
405	151
57	155
152	150
282	154
59	154
409	153
61	154
126	152
313	153
70	155
371	156
58	157
124	165
363	190
94	232
400	213
92	234
177	227
423	228
101	233
397	239
101	241
181	241
452	244
93	234
453	250
100	243
188	255
458	251
105	246
440	247
102	253
190	249
497	256
106	256
430	259
103	257
197	258
454	268
129	261
426	269
117	267
201	262
523	264
113	263
301	267
295	269
163	272
507	266
117	273
270	266
215	259
216	273
543	261
116	273
354	265
222	274
185	268
530	263
110	266
216	270
406	264
146	264
475	268
116	273
203	265
428	268
143	274
454	275
116	276
203	270
457	283
144	286
503	284
125	298
224	295
414	296
198	311
531	307
143	310
242	317
458	320
203	329
530	327
165	330
266	347
492	343
208	346
527	350
200	353
294	361
543	365
232	375
526	363
225	381
320	381
648	397
224	384
522	403
252	402
325	398
660	411
239	412
510	412
304	414
325	409
624	398
211	366
395	272
253	301
210	284
550	276
121	282
224	267
409	269
153	263
510	256
104	254
190	248
316	246
170	241
500	235
94	235
251	230
305	228
126	226
466	223
89	216
204	218
327	214
112	210
433	207
82	210
175	205
354	205
93	202
453	199
78	198
147	198
367	194
79	193
432	192
73	191
140	192
382	187
70	187
358	184
69	187
135	181
384	182
68	183
332	180
68	180
127	179
408	178
72	179
311	178
65	177
130	177
422	173
69	176
284	174
128	173
95	174
436	171
74	175
267	172
170	172
76	172
421	172
69	172
231	170
204	170
78	169
421	172
63	170
204	171
249	170
76	172
423	168
64	169
172	169
283	168
70	168
416	169
89	169
163	168
209	169
100	169
441	170
63	170
238	169
207	170
79	166
422	169
60	168
125	171
361	167
65	170
350	170
61	170
126	172
383	171
64	172
400	172
62	171
128	173
397	170
65	172
386	169
63	171
127	172
419	172
66	171
281	169
125	176
96	170
418	172
66	172
256	170
158	169
85	170
414	171
68	173
234	172
88	173
131	175
453	171
68	175
304	173
90	173
112	173
448	174
66	174
288	171
124	172
98	172
440	172
66	171
261	173
161	170
89	169
418	173
65	171
236	170
219	171
81	171
428	170
58	166
123	170
359	169
65	168
408	168
59	171
125	168
300	168
76	170
404	168
60	168
149	166
315	169
62	168
385	168
60	167
124	165
411	165
72	168
274	164
58	165
130	167
431	167
63	162
346	163
59	165
128	164
440	168
61	164
325	161
60	164
120	164
395	165
61	162
303	163
82	164
104	164
399	162
61	162
279	159
117	163
78	161
387	159
62	162
256	160
61	161
125	160
434	163
60	158
227	158
191	159
71	161
415	159
59	161
208	161
239	162
68	157
402	159
58	161
166	155
265	160
55	156
414	160
59	157
146	157
308	161
57	156
381	161
54	156
121	156
409	157
57	155
363	158
54	155
121	158
354	155
57	158
335	154
55	156
125	159
368	154
56	154
323	154
55	156
116	153
390	155
56	154
299	154
51	154
116	156
403	154
60	155
359	149
54	157
120	153
417	154
53	154
336	152
53	155
117	151
422	157
56	151
230	156
184	151
66	153
405	153
56	151
199	152
226	154
60	152
403	154
55	153
170	151
149	152
107	152
427	151
102	150
159	155
302	149
54	155
378	148
54	156
131	153
328	151
53	154
362	153
52	153
116	155
349	152
56	156
405	154
55	155
118	160
379	175
82	210
448	238
111	215
184	231
459	236
96	236
427	225
90	232
182	243
404	238
101	245
440	242
99	244
183	239
433	257
115	240
420	245
100	248
189	248
514	261
108	254
306	258
155	251
215	257
531	256
144	259
386	252
149	262
187	262
530	268
114	269
363	271
193	264
191	269
530	262
115	271
232	270
401	275
154	266
517	263
111	264
209	271
421	265
144	264
505	273
111	265
196	265
347	266
177	262
520	268
113	268
264	270
360	264
163	267
507	281
114	273
243	284
407	282
160	276
498	289
129	291
231	293
440	297
158	292
537	310
132	308
233	319
480	314
183	323
492	327
169	324
265	326
589	339
176	341
488	362
198	351
288	359
568	358
211	366
489	371
243	372
300	378
600	379
200	387
476	402
295	385
304	401
654	398
221	400
356	413
416	415
342	412
678	409
231	392
429	374
326	276
216	299
550	286
117	275
300	285
323	273
171	269
515	266
130	260
256	254
342	251
138	246
500	244
97	237
208	236
364	232
125	228
478	224
91	223
176	218
277	219
151	213
487	215
81	208
155	207
390	207
84	202
382	203
76	200
146	196
395	197
74	194
352	192
71	193
142	192
413	188
74	189
402	187
68	187
138	184
428	185
72	181
299	182
114	179
107	181
445	179
88	180
288	179
158	178
89	176
418	177
67	174
249	174
192	174
85	174
426	174
68	173
216	171
113	172
137	173
459	174
64	170
186	171
156	170
125	172
449	169
87	171
284	169
156	170
95	169
437	170
63	169
240	168
186	168
82	171
427	169
63	170
123	169
354	169
61	168
413	166
60	167
119	166
374	170
63	165
401	169
76	170
135	173
314	168
94	169
399	171
61	169
130	172
414	173
65	170
293	172
110	172
102	171
416	172
69	170
269	172
69	171
133	172
439	171
66	171
338	172
64	171
132	172
441	170
65	170
311	172
76	171
113	171
447	174
68	173
296	174
108	170
102	171
418	174
68	172
266	171
153	174
94	174
418	169
67	173
245	171
190	173
82	172
434	173
94	171
142	174
269	171
96	174
431	171
63	172
191	170
270	169
70	170
407	170
63	170
160	169
306	171
63	167
392	171
61	170
123	168
411	168
96	167
397	170
60	169
123	167
420	170
63	165
358	170
58	165
128	167
376	169
62	166
334	165
58	165
126	166
392	167
63	165
312	166
71	164
109	164
396	167
62	162
289	165
58	162
121	163
420	167
64	162
354	162
59	164
126	163
432	164
61	162
239	162
175	160
74	164
418	161
59	160
212	160
217	160
68	161
410	160
60	161
185	158
259	160
61	159
428	158
58	159
154	160
295	159
60	158
386	162
53	155
120	159
328	159
56	156
368	156
55	157
121	158
346	157
52	153
352	160
53	153
118	159
363	156
56	155
398	156
57	157
117	157
382	157
56	154
385	157
54	156
116	153
399	155
53	155
367	155
52	157
117	154
340	156
54	155
352	155
51	151
118	155
412	154
56	152
239	155
171	154
70	156
403	153
58	155
210	152
89	152
119	156
439	152
57	154
288	152
95	151
92	156
421	149
53	154
151	153
288	153
46	153
378	154
57	153
129	151
319	155
52	148
408	151
54	153
111	151
339	155
57	153
403	157
53	153
113	151
270	154
62	151
394	156
51	150
115	155
296	155
55	153
382	151
55	157
139	153
327	163
77	193
417	235
89	221
160	217
395	224
96	227
410	234
92	233
182	243
496	242
102	243
399	247
96	239
191	254
506	248
112	249
388	257
129	252
184	249
479	251
115	256
361	247
169	258
176	252
518	266
109	257
229	258
374	258
155	266
506	258
110	267
213	264
307	265
198	265
521	261
115	272
302	267
314	270
172	263
521	275
114	267
265	265
347	275
160	261
500	267
113	266
235	263
381	266
158	272
518	265
111	265
214	265
403	263
139	276
507	269
114	276
201	271
443	282
150	285
465	284
130	288
219	281
483	299
163	301
454	295
151	302
245	306
521	312
170	319
446	318
187	329
271	331
552	338
182	333
441	343
252	353
265	347
604	362
199	360
449	374
315	371
287	381
637	381
211	385
434	390
372	392
294	396
632	396
225	404
424	406
432	413
302	413
650	416
226	403
385	391
445	360
204	271
545	303
123	282
250	279
283	283
216	270
548	269
109	261
320	258
252	253
160	249
507	247
98	239
179	238
406	232
105	231
415	228
90	225
164	221
407	216
89	216
443	214
83	211
158	208
423	207
82	206
421	204
77	201
148	198
432	198
79	196
317	195
112	193
119	190
429	191
76	188
287	188
165	188
115	186
430	184
74	185
261	182
85	181
150	180
460	180
73	180
328	177
71	178
122	175
446	178
66	173
305	174
100	174
107	171
439	173
68	175
276	173
138	170
83	171
407	171
66	171
253	172
173	169
84	172
432	168
64	172
126	168
348	169
64	168
415	170
62	170
122	165
278	168
81	169
413	166
63	169
168	169
292	168
66	169
393	169
62	168
122	168
403	167
63	167
301	170
60	167
127	170
424	170
65	167
364	171
61	171
132	172
435	170
62	172
347	174
61	168
130	173
391	172
65	169
322	171
66	171
113	173
398	169
67	174
301	173
100	172
102	170
410	171
65	170
280	173
67	171
135	173
441	173
66	171
254	174
173	172
104	171
428	176
66	171
231	172
215	175
70	173
421	172
67	173
200	172
258	171
74	171
425	169
65	173
166	168
297	174
69	169
396	171
61	170
126	170
410	172
47	170
376	171
61	168
125	170
343	171
61	168
363	168
61	171
127	170
369	167
61	167
340	167
59	164
128	170
388	165
64	168
320	164
59	167
127	167
402	165
117	168
399	165
57	165
126	166
421	166
57	162
364	166
58	162
128	162
433	165
63	162
247	164
169	166
78	160
410	163
61	162
223	163
207	162
71	162
408	162
73	163
194	163
130	163
117	161
440	161
61	161
163	162
285	160
59	158
390	160
58	156
144	160
318	160
62	162
375	160
59	160
123	159
341	158
56	159
412	160
60	158
117	158
354	157
46	156
403	158
57	159
119	156
379	156
57	157
388	155
54	155
118	154
318	156
54	154
375	156
54	156
121	152
338	154
54	156
358	155
60	154
113	154
424	157
64	153
249	154
60	157
119	153
431	153
56	153
315	153
56	154
109	154
434	153
56	152
290	153
84	150
95	155
422	149
53	152
159	150
272	152
54	151
409	153
56	153
136	150
308	151
55	152
409	151
54	153
118	151
235	150
85	152
418	152
51	148
195	156
240	149
59	153
397	151
51	148
162	152
271	150
60	152
377	153
55	156
139	154
311	160
64	170
444	206
97	235
166	211
397	227
107	230
415	221
99	243
182	238
495	245
92	233
393	237
95	240
184	241
450	248
107	254
386	248
109	245
174	244
458	249
106	251
362	247
152	251
176	249
519	258
111	263
236	252
257	262
209	268
532	251
110	261
330	266
246	261
174	269
526	268
118	264
304	272
289	260
162	265
511	264
116	273
275	266
336	269
162	262
521	267
112	264
239	257
369	262
158	263
517	269
108	264
223	274
297	262
190	266
536	261
114	268
208	275
431	268
147	272
462	275
122	280
216	274
472	296
156	292
458	299
151	296
239	299
511	308
163	309
518	308
142	323
241	321
536	326
164	334
439	333
228	341
262	346
600	347
169	349
428	355
289	366
273	363
602	371
209	380
432	378
355	389
284	383
625	390
217	398
426	403
297	402
360	412
678	413
243	405
416	417
347	410
340	394
653	368
148	272
395	296
237	285
203	275
548	281
117	271
336	272
240	259
168	258
514	251
102	247
189	244
409	240
115	235
478	234
122	231
183	224
421	224
92	219
448	218
84	215
159	212
338	209
114	207
440	205
78	204
148	200
428	200
76	196
324	195
104	194
126	193
428	191
80	193
293	183
90	189
151	184
454	186
74	185
358	182
69	181
137	180
451	181
68	179
334	179
66	176
125	175
446	176
68	175
307	175
90	171
113	178
415	171
67	170
280	171
127	175
91	169
411	170
64	173
255	167
159	170
82	169
431	169
64	171
128	168
243	167
98	168
437	167
59	167
209	167
250	166
73	168
408	167
64	166
173	169
277	167
61	166
391	166
61	167
122	168
397	166
66	168
382	167
59	167
130	169
422	169
60	167
365	167
59	170
131	170
366	169
61	169
348	169
61	171
128	170
379	168
62	168
327	169
63	170
123	169
397	168
63	169
306	170
62	172
128	170
419	169
65	169
371	171
64	171
123	170
423	172
65	169
260	172
163	171
86	167
437	172
69	168
233	170
201	167
79	170
419	167
65	167
205	170
244	167
73	168
416	167
63	167
173	167
283	169
63	165
394	167
59	165
124	165
323	167
65	165
380	164
59	164
129	166
335	163
61	163
365	164
61	163
118	162
358	162
60	164
405	160
58	162
121	160
376	160
58	159
396	161
56	159
119	160
395	160
58	159
370	157
54	157
121	160
337	158
57	157
361	157
56	162
122	156
421	157
61	155
247	158
147	155
69	152
398	156
58	154
226	157
73	155
121	156
431	154
67	154
305	153
77	153
87	155
423	154
54	151
168	153
270	154
56	152
390	153
55	154
139	149
305	153
53	150
413	153
52	150
121	153
326	151
56	151
407	153
56	153
111	152
247	151
56	150
399	153
52	151
116	153
284	149
63	153
389	152
55	153
148	158
313	162
77	189
426	233
77	199
159	212
378	225
134	216
416	221
87	226
167	222
472	220
96	231
394	225
91	232
177	228
498	237
97	233
382	243
100	236
179	242
456	231
104	245
366	247
137	244
170	240
500	238
99	236
238	250
343	246
144	255
497	243
125	252
221	249
277	251
188	251
528	251
103	248
300	254
271	248
159	254
508	253
110	254
270	252
318	259
153	252
496	254
103	248
245	260
350	256
141	252
504	251
116	256
222	257
389	256
144	256
502	254
108	258
197	252
411	253
135	259
449	256
106	260
199	262
446	268
131	267
436	266
123	277
214	274
474	276
129	276
417	280
144	290
229	295
502	297
147	298
414	302
191	311
228	305
571	310
145	319
402	316
249	326
245	333
592	334
168	342
393	342
311	350
256	354
589	357
188	363
387	366
369	367
267	371
617	372
203	380
381	377
428	380
279	396
630	389
211	392
370	403
381	405
347	409
672	402
242	414
470	409
378	416
319	411
664	403
222	400
305	354
463	265
181	296
482	269
127	270
210	272
447	261
131	257
488	253
102	249
182	243
441	239
102	236
447	231
88	227
166	222
443	220
85	215
346	215
110	211
142	208
440	207
126	204
318	202
146	198
124	195
440	196
78	192
273	191
86	187
156	190
455	184
73	185
339	182
67	182
129	178
445	178
68	178
317	176
89	176
114	175
448	175
66	173
285	170
121	172
98	173
412	167
66	170
258	170
160	169
87	169
431	169
60	165
128	167
335	166
62	162
413	166
64	166
122	165
267	166
84	163
418	164
62	163
175	163
279	164
65	163
392	163
59	164
123	162
393	163
62	163
302	164
58	164
125	166
414	167
64	165
365	165
59	164
129	167
400	164
60	165
347	167
59	166
128	167
380	166
61	166
325	165
60	164
120	168
398	168
63	166
303	165
84	169
109	167
405	167
67	168
280	168
65	165
130	169
420	169
64	168
262	167
157	168
83	167
430	167
60	167
234	164
200	166
77	164
419	165
63	164
204	167
241	164
72	165
413	164
60	162
172	164
273	162
59	162
394	162
59	163
124	160
394	162
58	163
379	159
59	162
121	159
335	162
57	160
366	162
55	158
122	159
354	159
57	158
344	159
56	158
116	159
370	159
56	157
323	156
55	157
116	158
391	157
58	156
378	157
53	154
116	155
404	155
54	154
361	156
52	155
118	154
416	153
59	154
250	153
142	153
72	154
393	152
59	154
226	152
181	150
59	150
376	155
55	152
198	151
108	152
114	152
432	153
55	151
167	151
264	152
56	150
386	151
54	155
146	153
301	156
58	163
395	184
115	224
166	203
369	212
90	213
455	215
85	211
160	219
400	218
96	221
450	223
85	220
169	230
428	223
96	227
442	227
92	230
175	233
371	229
122	228
442	234
97	233
191	236
399	241
114	240
427	236
97	239
185	245
494	243
105	242
316	240
138	246
209	244
514	248
105	246
389	244
106	250
183	243
510	249
104	249
369	249
155	248
178	245
516	247
103	249
239	249
343	249
143	246
501	251
102	243
210	244
381	252
135	238
491	244
103	249
190	244
305	249
174	246
509	249
104	254
272	243
309	253
111	248
501	250
104	257
250	253
354	259
156	263
495	266
118	276
231	269
397	272
159	279
522	275
119	283
223	290
440	290
164	294
489	303
140	301
235	305
545	305
149	317
467	311
159	324
253	318
518	326
186	333
473	332
189	335
275	348
555	343
196	351
467	356
236	358
284	366
620	369
196	368
347	374
351	379
317	377
647	389
211	384
449	395
357	397
289	395
648	397
227	408
438	409
411	412
304	408
651	411
235	410
418	413
460	413
302	413
646	403
209	371
295	265
394	292
177	273
526	263
118	269
224	260
277	255
186	251
520	246
98	238
187	236
392	231
115	225
421	223
84	218
165	216
398	212
84	210
384	205
80	204
147	200
405	199
77	195
416	192
73	192
139	187
413	189
74	186
319	183
89	182
123	179
449	179
72	178
288	178
122	175
99	174
412	174
63	170
263	173
156	170
85	170
408	168
67	169
238	167
81	165
130	165
446	165
63	162
204	164
118	164
123	162
446	163
64	163
281	161
116	163
91	160
432	163
63	161
252	162
149	160
77	164
414	162
58	160
121	163
328	161
60	162
412	160
58	162
121	163
355	161
61	163
405	164
59	163
125	166
291	163
76	166
399	164
59	163
124	164
396	162
60	164
301	164
91	165
106	162
397	164
63	164
281	165
63	166
126	165
426	164
64	167
349	164
58	166
131	165
438	166
60	162
325	166
59	164
122	166
435	163
94	162
307	163
82	163
97	164
398	163
70	163
281	160
115	161
89	160
406	161
61	162
254	161
152	161
76	161
418	160
56	158
129	162
235	160
90	157
426	160
57	157
202	157
232	157
65	155
404	158
102	155
194	158
282	157
63	157
391	157
53	155
118	155
391	157
59	154
375	154
55	155
117	155
403	152
52	152
356	154
56	155
110	153
343	151
55	155
339	152
54	155
116	151
368	154
56	153
319	152
53	152
113	152
375	152
59	153
297	152
54	154
116	154
407	158
62	163
372	178
86	220
158	209
457	204
90	222
295	212
198	214
131	220
480	220
90	216
277	224
245	217
133	224