291	314
463	313
208	316
538	327
172	332
270	332
491	341
213	335
586	341
165	349
267	352
519	361
223	363
594	374
190	374
288	366
560	378
238	390
530	396
241	388
331	398
606	393
255	410
524	406
282	407
331	408
626	402
243	392
465	352
176	266
255	300
540	275
133	277
356	277
234	265
184	263
522	256
104	253
311	249
253	248
154	238
498	240
98	233
267	228
270	226
128	223
468	220
93	215
236	216
299	215
110	210
463	206
101	208
206	203
331	201
105	200
454	199
79	196
163	194
241	193
133	191
462	190
72	189
245	189
228	188
97	187
434	182
78	185
139	180
374	182
71	180
355	180
67	179
129	177
391	176
70	176
401	176
64	176
129	177
402	172
60	173
384	173
62	172
127	174
417	171
67	174
281	168
133	174
97	172
407	171
67	171
262	169
149	168
88	170
416	168
63	170
236	166
82	169
139	167
451	168
63	168
311	170
78	168
109	165
435	169
61	168
288	168
120	167
102	170
439	170
69	168
265	171
148	171
91	170
416	168
67	172
244	170
185	171
85	170
433	172
63	172
124	171
352	172
63	170
408	172
63	171
124	170
278	171
65	174
400	169
63	172
169	171
300	172
71	173
394	170
62	173
125	171
407	171
67	174
299	173
61	170
128	173
420	171
68	173
363	174
61	174
126	171
426	172
66	170
341	172
60	172
129	174
385	167
62	172
324	170
62	170
118	170
396	169
109	172
299	168
88	170
108	169
407	168
67	168
281	171
62	169
125	168
421	168
64	165
259	169
158	171
82	165
429	165
62	167
236	166
194	165
76	164
419	163
65	164
208	164
229	164
69	165
410	163
64	167
179	163
266	164
64	165
396	163
57	163
121	162
378	161
58	163
387	161
56	160
122	160
326	160
58	159
371	160
56	161
124	162
346	158
57	160
352	160
57	160
117	158
362	158
55	159
329	159
57	161
115	157
377	158
67	155
387	159
53	157
118	159
395	157
58	160
373	155
56	159
119	155
412	158
60	156
265	157
120	154
80	156
396	156
57	154
241	156
164	154
69	154
397	153
56	152
223	157
77	153
120	153
435	153
60	156
192	153
232	154
59	154
397	153
54	153
171	156
269	150
59	156
389	155
65	153
147	152
304	152
93	150
433	152
53	152
123	151
322	151
57	151
404	151
53	151
114	155
342	150
56	151
395	149
57	154
115	150
273	148
61	154
389	150
51	148
151	154
292	151
50	150
377	151
51	151
118	152
397	153
60	157
280	154
58	164
138	184
456	229
96	227
394	214
90	232
170	220
489	239
96	239
388	236
90	226
178	235
501	241
103	235
286	246
287	250
151	246
487	242
100	243
255	251
325	250
150	250
503	264
104	251
231	252
254	257
197	254
528	259
111	262
328	267
245	258
178	261
518	262
113	267
306	265
286	257
172	270
511	259
114	268
278	272
328	267
163	262
512	269
113	268
249	267
364	264
158	267
490	264
113	272
200	270
480	262
115	268
448	271
108	266
196	263
416	270
146	270
462	272
125	287
215	275
452	274
150	282
454	283
135	289
224	285
544	294
138	301
341	302
201	306
267	311
577	312
152	314
441	328
194	333
257	334
592	335
174	344
431	338
258	356
267	356
583	358
196	359
431	364
321	381
280	373
612	384
215	383
429	387
367	393
288	399
635	401
228	402
423	407
313	407
355	404
678	408
242	396
380	363
388	268
207	299
525	276
112	274
254	280
376	266
158	267
486	260
103	252
209	252
387	245
97	239
479	239
97	235
178	231
394	229
104	223
413	220
84	217
163	213
468	215
81	208
377	208
77	205
155	203
410	202
76	197
349	199
74	196
140	195
415	193
76	193
322	192
69	188
137	186
426	188
80	185
303	184
75	183
138	181
433	180
72	178
359	179
64	177
134	177
441	180
65	175
337	177
62	175
131	175
443	175
68	173
217	173
215	174
75	171
421	172
65	170
195	175
265	169
76	172
422	173
63	169
163	172
188	169
118	170
444	169
62	168
141	170
322	168
61	167
376	170
59	167
129	168
347	168
59	169
364	169
69	169
126	167
364	172
61	169
404	170
60	168
124	172
381	168
64	170
393	172
61	169
126	172
399	168
62	171
380	169
69	171
118	170
339	173
64	173
367	172
61	170
130	172
362	172
64	171
350	173
61	172
132	171
441	171
68	172
235	170
84	173
139	170
449	175
66	171
311	173
82	172
116	174
439	172
81	170
295	174
113	173
100	171
433	171
63	171
156	170
305	172
63	170
419	167
62	170
135	167
329	170
66	170
412	168
61	170
122	169
247	170
86	167
419	170
60	168
193	168
264	168
72	169
403	168
58	164
169	169
299	166
65	165
386	165
61	167
138	165
320	165
59	164
417	166
59	162
123	164
342	164
91	166
382	160
60	162
125	166
425	162
58	161
339	164
57	161
126	163
382	163
60	161
318	161
57	162
116	161
393	161
62	161
295	159
83	162
99	157
425	163
57	158
173	161
160	159
111	160
440	160
58	159
258	158
152	162
79	158
419	160
58	156
229	157
185	157
69	155
400	156
59	158
204	157
224	157
61	153
403	156
56	156
169	154
245	157
55	155
411	156
55	153
148	155
184	155
103	155
432	152
54	153
130	155
318	154
57	156
366	154
52	153
118	153
339	154
54	153
345	154
78	154
125	152
361	154
53	152
393	151
53	152
113	152
372	150
56	151
309	153
55	151
104	150
424	152
56	151
285	148
88	153
91	150
392	153
67	149
269	150
120	152
72	148
393	155
54	148
242	150
62	155
122	153
426	153
55	151
219	152
75	157
119	152
427	151
58	157
298	155
82	160
115	188
470	228
88	223
317	220
156	228
140	231
489	233
92	232
198	229
367	235
123	234
486	233
99	241
189	241
397	244
132	246
490	247
104	252
183	248
334	255
168	250
500	253
117	250
200	260
454	257
114	249
404	265
125	255
208	265
481	266
116	267
387	263
126	254
209	264
502	270
117	261
451	267
107	264
202	269
505	266
115	274
429	263
127	272
207	261
526	275
115	271
416	270
115	265
199	259
470	264
118	261
396	267
133	262
200	266
490	270
118	267
378	275
181	277
201	277
537	278
127	292
254	278
274	285
224	294
564	296
130	294
355	304
283	312
220	320
569	314
143	313
349	322
341	326
232	334
585	343
169	341
269	348
524	359
215	354
579	364
184	368
282	364
562	380
232	377
584	380
206	390
305	388
517	402
270	390
602	397
234	403
349	413
560	412
282	405
592	398
232	380
298	337
487	269
177	301
458	269
138	279
215	272
465	266
123	263
464	255
102	253
185	249
461	246
101	240
365	235
119	235
164	228
494	227
91	223
331	220
144	219
141	214
449	214
86	209
298	207
173	205
122	203
445	202
122	199
293	198
217	197
66	194
451	193
74	192
139	191
269	188
115	186
446	186
67	184
209	185
270	182
83	180
418	181
69	178
173	179
297	177
90	180
437	176
65	175
148	174
323	174
64	174
421	174
65	174
127	173
345	174
70	172
414	170
61	172
125	172
273	169
89	173
420	169
63	172
128	170
383	168
87	171
332	168
82	168
133	167
399	168
65	169
308	167
62	169
125	170
414	167
65	168
369	170
61	171
128	168
423	168
65	168
259	169
154	173
84	167
430	170
86	170
252	170
194	171
75	168
421	172
66	171
215	172
231	170
79	171
421	172
65	171
187	169
156	174
126	172
448	170
63	170
160	172
191	170
117	172
446	171
80	172
260	173
184	171
85	174
431	173
65	170
227	173
221	173
83	173
423	172
61	171
126	171
369	172
61	170
404	173
64	171
123	167
386	170
61	170
391	171
62	169
120	170
327	172
60	170
376	168
90	172
143	167
427	170
65	170
276	168
126	170
92	168
409	167
66	169
253	168
70	166
131	167
437	167
62	163
322	164
72	164
122	164
443	165
66	164
304	163
97	164
113	165
440	164
62	163
278	164
113	163
90	167
377	163
63	163
253	160
145	161
79	161
408	167
60	160
233	160
182	163
69	164
413	162
60	163
117	158
251	158
84	161
419	161
56	159
187	160
262	161
63	158
397	161
56	155
154	160
291	157
57	160
383	159
54	155
118	158
398	157
97	159
386	157
55	157
120	160
414	158
55	158
349	151
54	156
120	155
359	155
53	155
333	158
52	154
119	155
378	157
56	155
313	155
56	153
108	152
391	158
80	150
307	155
55	153
116	154
409	154
56	153
356	155
51	152
116	149
419	155
57	151
246	154
147	148
72	155
411	153
56	149
224	152
188	151
66	151
396	151
97	150
218	152
236	151
65	149
408	151
55	153
169	154
263	151
54	152
384	151
53	154
114	150
300	148
55	153
376	152
52	152
129	153
323	151
47	151
358	154
104	158
147	162
371	186
99	226
456	220
86	223
170	228
424	224
100	237
450	228
90	230
170	228
446	245
99	234
437	244
100	245
183	242
400	253
132	254
443	239
127	254
199	248
497	253
109	255
332	254
204	249
169	255
497	258
116	270
316	254
159	264
223	259
532	266
113	260
388	256
126	266
195	263
522	267
111	265
267	270
329	271
153	259
495	265
116	275
251	273
372	262
158	263
519	272
116	267
220	262
401	266
158	273
512	262
111	266
202	265
327	271
190	264
528	272
113	277
205	281
352	274
183	280
526	286
119	280
273	294
385	292
191	303
525	298
139	304
269	318
435	308
199	320
524	313
160	325
258	329
559	332
182	343
512	341
176	345
284	357
591	357
185	364
508	366
206	373
298	365
562	377
243	388
533	389
244	395
328	392
649	388
236	406
418	400
439	412
305	416
640	401
224	398
377	392
325	338
248	267
578	301
122	270
357	274
236	277
185	265
525	262
111	258
312	253
251	250
159	244
493	241
97	234
270	231
270	230
131	224
471	224
92	219
236	218
284	214
105	211
462	212
85	207
193	207
314	201
97	202
426	200
73	196
145	195
348	195
86	192
405	192
70	189
147	188
360	185
70	185
375	187
68	184
132	181
370	182
68	179
352	182
66	178
134	180
444	179
69	177
333	176
65	178
125	176
441	174
66	175
307	174
86	173
110	169
404	172
66	172
281	171
118	170
96	169
412	172
97	171
282	169
166	172
92	169
420	170
64	169
239	170
81	169
137	167
449	169
64	169
309	168
76	170
111	166
434	168
62	166
183	169
267	169
67	167
398	170
62	168
157	168
297	169
65	169
408	171
63	169
138	170
329	171
67	170
416	170
65	173
122	169
351	174
62	171
356	167
61	171
128	171
370	168
64	173
339	170
96	172
150	170
399	170
65	171
319	172
65	171
129	172
409	174
64	170
378	174
59	170
128	172
422	172
68	174
363	173
61	172
129	172
431	170
64	175
332	169
63	171
126	171
384	171
66	170
326	172
62	171
119	170
440	168
64	173
202	169
245	168
77	169
417	168
63	168
174	170
170	170
121	169
443	166
61	166
257	167
167	164
87	167
433	165
58	164
133	166
330	164
61	167
363	162
61	167
119	164
352	166
60	163
405	166
61	166
122	164
374	163
58	160
394	164
58	160
118	163
293	162
61	163
382	160
56	161
119	161
327	160
59	159
368	160
55	161
125	161
348	160
55	159
350	161
56	161
116	156
362	159
57	158
329	159
55	157
119	159
431	158
82	155
325	159
62	158
106	160
430	158
63	157
282	155
94	155
95	162
397	155
57	155
262	157
125	156
80	157
416	155
54	152
135	159
311	152
55	153
403	155
54	153
118	153
238	153
149	154
425	151
55	155
192	153
240	154
59	152
395	154
56	153
159	151
272	153
54	151
381	153
54	153
135	150
304	157
81	150
426	152
52	151
116	151
326	150
56	151
404	149
52	151
112	152
346	149
54	153
335	146
53	153
119	152
366	148
54	151
317	152
51	150
112	150
381	153
104	150
315	152
52	150
117	152
398	153
99	154
298	154
112	164
107	186
467	224
90	223
305	218
198	228
137	222
485	235
98	232
290	238
244	238
144	233
478	235
132	246
293	239
294	238
156	250
493	243
103	243
253	254
337	253
152	256
503	254
105	249
227	258
262	256
197	257
523	252
109	262
319	262
260	268
172	264
517	264
110	260
196	261
430	270
131	261
445	273
121	271
202	266
451	268
133	268
489	269
106	263
200	271
464	263
127	275
471	264
102	255
198	270
482	267
116	265
372	264
170	276
187	263
493	273
119	271
355	271
213	277
190	274
508	274
121	282
343	288
178	292
252	295
558	292
146	307
436	305
163	315
242	314
563	313
155	324
433	331
203	324
246	337
592	337
171	344
414	345
260	350
253	349
583	363
194	365
428	373
330	374
285	381
635	384
210	387
321	390
535	395
268	386
631	398
220	401
321	408
477	406
312	400
651	411
229	392
362	356
399	268
208	301
521	274
116	274
206	274
477	268
120	264
383	255
127	252
200	249
480	245
104	240
424	239
92	232
168	228
455	223
88	223
400	221
84	219
163	214
410	212
86	209
370	208
78	204
152	204
417	203
80	201
341	199
77	194
137	197
419	192
78	192
312	188
72	188
141	188
432	185
72	183
286	182
140	186
104	180
440	179
67	181
261	178
173	179
92	175
435	179
71	176
233	176
208	175
84	175
419	174
69	173
205	172
249	174
80	170
417	171
62	171
125	171
378	171
74	169
407	169
62	171
124	168
318	171
66	169
382	167
61	170
135	168
335	167
61	168
367	168
61	167
122	169
354	170
63	169
350	168
98	169
142	166
386	170
65	172
398	168
61	169
124	168
382	171
62	169
385	171
63	174
124	167
406	171
67	172
291	170
107	172
100	170
408	169
66	173
265	171
141	171
89	172
415	171
66	171
247	171
79	171
138	172
448	170
67	174
224	173
218	172
79	173
417	172
64	173
200	174
259	170
74	172
404	171
98	172
190	172
305	172
68	171
426	170
64	172
145	170
323	172
65	170
418	169
62	170
129	171
342	168
64	168
409	168
62	171
121	168
272	172
85	168
419	169
74	169
183	167
285	169
65	167
396	168
59	166
125	167
396	165
63	167
299	166
58	163
123	164
411	166
64	165
363	167
57	166
125	161
420	165
57	161
344	165
59	164
122	162
431	164
61	164
229	161
183	163
75	164
409	160
62	162
206	161
226	161
65	162
409	162
60	162
178	161
149	162
113	157
434	159
59	160
262	159
159	158
83	158
419	161
59	156
242	158
179	159
74	159
413	157
62	159
212	158
213	154
63	156
395	158
56	154
183	155
253	156
62	156
392	157
55	158
117	156
376	156
56	157
385	155
55	156
118	156
315	153
53	154
368	155
54	156
121	155
333	151
52	156
351	154
51	152
117	152
415	153
59	154
239	151
60	152
114	154
410	153
56	151
314	154
54	155
107	152
427	153
58	154
291	151
81	151
96	152
391	150
59	151
268	153
114	152
79	149
392	153
58	151
244	150
145	154
72	152
391	152
55	150
224	151
75	151
121	153
428	154
56	151
195	151
222	153
61	154
395	153
55	157
183	167
285	187
109	233
440	217
92	223
196	224
358	227
117	229
490	236
116	235
195	230
393	237
129	239
441	244
100	245
180	233
488	246
104	251
409	244
105	256
192	256
442	248
118	262
403	251
108	255
197	258
468	263
143	259
397	262
130	260
206	259
496	268
115	260
365	259
143	268
223	271
515	268
118	264
433	266
110	268
203	267
515	268
118	265
409	268
115	266
204	264
525	265
110	269
304	268
295	265
169	263
515	262
110	265
274	269
336	268
172	269
518	269
117	276
251	276
270	283
220	274
551	282
121	286
234	283
418	295
176	302
498	297
141	314
240	307
465	314
189	317
504	319
173	329
264	333
503	324
207	342
564	340
168	344
274	358
539	353
214	358
566	363
188	369
288	366
581	383
226	383
575	384
207	389
311	393
542	399
275	400
592	409
244	406
343	412
574	401
272	398
566	386
203	320
253	275
563	295
129	267
331	277
175	273
235	266
536	263
110	256
380	250
126	248
174	244
506	239
105	235
339	232
147	231
153	224
487	221
89	220
201	217
335	212
108	214
462	211
81	205
169	204
350	202
95	201
444	198
76	197
145	196
263	192
111	193
451	192
72	189
219	189
267	187
91	188
427	186
70	183
184	183
298	180
78	178
406	183
68	178
153	181
323	177
67	178
423	175
86	177
137	174
344	174
65	175
370	174
63	173
130	172
431	172
64	170
350	175
62	169
129	169
381	170
64	170
328	169
59	169
125	169
395	169
64	168
307	169
78	169
105	169
421	164
62	170
184	167
157	166
122	169
447	167
60	167
267	170
150	171
92	166
434	170
63	166
242	169
187	169
83	170
415	173
68	171
219	170
222	170
107	174
433	171
63	169
193	174
259	170
74	171
419	171
65	168
165	172
187	171
120	172
445	170
63	172
142	170
324	172
62	172
376	170
61	170
130	172
349	174
63	172
361	173
95	173
144	173
378	173
106	173
429	171
64	172
125	171
385	173
60	168
325	172
61	171
120	170
436	171
65	169
301	168
88	169
109	170
404	169
94	169
300	169
120	167
94	171
408	168
64	167
258	168
69	167
133	169
438	169
64	167
234	169
79	166
132	167
440	168
61	165
306	164
78	167
107	165
428	165
102	166
293	165
105	162
94	165
428	163
59	163
158	166
298	159
62	164
415	161
59	164
136	164
324	161
63	162
411	162
60	161
114	160
246	162
86	162
420	158
92	162
134	161
367	160
56	160
334	162
55	158
123	158
381	161
62	160
311	159
53	157
120	158
398	160
58	157
369	158
55	156
120	160
406	157
52	155
353	155
65	156
120	156
419	154
70	157
349	154
57	156
119	155
374	157
57	153
316	156
54	153
113	156
389	157
58	152
298	160
81	152
99	154
422	153
55	151
167	154
150	153
101	155
431	152
53	153
257	154
144	152
72	153
417	155
56	149
229	153
182	153
68	151
409	155
54	153
111	150
341	150
54	150
400	154
53	152
111	150
346	151
60	153
392	151
58	152
116	150
296	151
58	150
378	153
54	151
133	151
318	150
50	152
363	151
51	153
117	153
339	151
54	155
348	156
58	161
130	182
388	225
87	218
442	219
92	232
167	229
429	224
95	227
366	234
103	235
173	243
504	242
103	244
348	237
151	244
172	248
480	249
107	252
338	249
192	244
164	254
477	256
111	258
314	247
244	263
168	260
518	266
107	265
197	259
320	258
187	263
519	257
109	263
284	267
329	270
163	261
500	258
109	263
251	269
361	264
155	266
510	258
112	263
220	262
393	276
134	266
511	260
107	259
207	267
421	272
150	265
509	271
111	268
196	261
349	272
186	266
521	275
113	273
205	279
468	279
125	282
430	289
144	298
230	295
493	293
147	303
422	303
168	306
254	312
544	318
168	317
507	328
158	323
264	341
572	339
181	340
414	340
296	351
259	358
605	355
189	369
410	372
356	377
287	376
594	381
201	388
402	389
406	391
289	404
641	408
229	407
393	403
352	412
349	401
677	404
232	389
348	360
311	270
250	296
563	280
118	272
339	278
255	270
176	262
493	260
112	254
295	252
268	244
149	243
492	238
94	234
171	230
410	227
96	221
451	220
86	219
163	215
419	213
86	211
426	208
103	205
159	203
351	203
96	199
419	198
73	198
144	193
434	194
77	193
304	190
125	188
113	185
426	187
73	185
273	183
80	183
147	182
446	181
72	181
341	178
65	179
126	175
439	177
69	178
318	177
79	175
123	176
440	171
70	176
293	171
105	175
103	171
410	172
67	170
268	169
134	169
90	173
410	170
65	170
248	170
178	168
83	170
430	169
65	170
126	166
246	168
100	170
431	167
61	170
201	168
253	170
73	171
405	165
62	168
169	167
283	167
65	168
391	168
62	171
122	168
397	171
66	169
383	171
91	170
143	168
420	171
62	167
365	172
60	169
127	174
359	168
62	170
349	172
61	171
129	171
381	170
64	169
329	172
61	168
121	168
396	173
164	174
338	170
66	175
128	172
415	175
66	171
372	174
64	172
128	172
424	172
64	170
266	172
147	173
91	174
432	171
68	171
243	170
183	170
120	170
436	170
63	171
222	170
220	173
75	169
417	168
61	169
190	169
259	168
71	169
400	165
60	167
122	168
303	168
68	166
389	167
61	168
141	163
319	166
61	168
374	166
74	165
131	167
342	166
58	166
414	166
61	164
120	165
358	168
58	163
404	166
59	164
121	163
378	165
58	161
390	166
57	163
120	162
315	161
57	159
378	162
60	164
119	159
407	163
71	160
278	160
115	161
86	159
399	160
59	160
253	160
59	157
125	158
429	162
58	157
322	158
56	160
120	160
426	156
57	158
204	154
221	158
61	157
398	158
58	156
176	158
258	153
59	156
407	157
58	157
149	157
295	157
59	156
407	155
54	154
127	154
218	155
96	155
425	157
62	154
114	153
247	157
86	155
414	154
95	154
206	153
261	152
66	155
393	155
56	154
153	152
282	153
70	153
378	152
50	152
114	150
390	151
56	153
367	151
79	152
127	151
408	152
58	157
352	149
51	152
119	152
351	154
55	150
331	151
51	153
119	152
423	150
56	152
217	150
191	152
61	152
394	151
56	153
192	151
114	154
114	157
432	154
63	166
294	191
158	234
136	215
476	222
95	232
301	226
207	232
144	231
490	239
102	241
284	231
254	241
143	233
484	249
97	235
266	246
298	244
147	250
492	251
103	253
242	246
337	256
146	248
482	257
101	254
194	260
388	259
154	260
475	260
109	263
213	265
410	260
144	270
459	263
114	267
199	268
428	265
138	265
446	268
121	272
209	268
516	268
111	266
408	261
117	266
203	263
524	265
112	268
388	264
134	268
194	260
486	268
118	270
368	264
171	262
194	278
499	271
118	273
357	285
224	278
195	283
516	288
128	292
343	291
184	297
258	301
568	304
151	310
440	317
170	314
248	321
576	324
159	325
334	338
394	340
229	340
576	351
187	355
330	356
452	359
246	361
607	365
190	372
318	380
497	384
265	384
630	397
212	397
319	393
543	405
275	411
594	411
252	412
343	408
577	398
261	389
524	320
161	275
246	300
484	267
145	280
425	272
135	269
209	262
475	255
111	252
449	247
97	244
181	241
470	236
98	232
419	231
89	226
169	222
467	220
83	216
390	215
81	210
159	210
407	208
79	202
361	202
76	200
148	198
463	198
79	196
240	194
238	192
98	192
438	191
72	186
208	189
156	186
140	187
459	183
69	183
285	183
143	180
99	179
442	182
96	178
166	176
336	177
66	175
385	175
65	175
130	173
344	174
65	176
416	172
64	171
122	172
362	170
65	171
405	170
78	170
133	169
302	170
77	169
402	171
79	170
136	170
324	167
65	169
383	168
61	170
135	168
336	166
63	169
365	166
63	170
122	168
355	168
61	168
350	169
90	170
132	167
437	170
68	170
334	169
60	169
123	172
443	170
65	170
310	171
75	167
113	171
405	171
65	172
292	172
108	169
100	172
433	168
63	173
158	168
300	170
67	171
419	171
65	171
139	170
228	172
110	172
443	170
63	171
226	172
222	172
78	171
416	172
66	172
195	172
259	173
70	170
404	170
65	172
166	171
295	171
90	170
428	169
65	169
144	170
317	170
66	170
418	169
62	170
126	169
343	171
61	167
362	171
58	167
130	168
366	170
60	167
342	167
58	165
126	167
382	171
54	165
349	167
61	167
121	164
397	167
61	164
303	168
83	162
108	166
437	166
60	163
281	165
114	164
91	165
428	167
61	160
255	164
145	161
80	163
402	160
105	164
259	161
197	163
76	159
414	163
61	162
207	161
223	161
67	159
404	159
59	159
180	159
148	162
115	156
435	159
60	161
261	157
136	160
66	159
402	158
58	158
133	158
321	161
55	155
370	160
56	155
116	156
342	157
57	158
406	156
54	156
117	156
364	159
59	154
391	154
54	158
118	154
376	153
56	157
312	153
58	156
105	155
388	153
56	154
291	155
86	156
93	151
398	158
58	153
268	154
52	151
118	154
416	151
57	153
333	150
52	153
120	155
422	151
56	154
311	153
89	153
124	153
429	150
57	151
297	151
78	152
95	151
390	151
57	154
272	152
109	152
84	156
419	151
56	154
143	154
295	151
57	152
403	152
56	151
122	151
219	151
83	152
420	152
86	151
225	151
227	153
73	161
414	177
84	215
170	231
417	217
90	224
380	228
92	227
175	234
446	232
92	231
441	242
100	236
186	249
468	242
101	244
430	245
102	245
194	255
418	242
128	256
436	253
103	249
193	252
446	257
119	256
410	256
113	264
197	256
471	268
119	263
396	265
138	257
208	266
489	263
121	266
373	263
166	265
183	263
521	266
111	266
352	261
208	267
183	265
526	263
112	264
326	260
247	265
173	266
507	262
112	266
306	264
280	261
171	266
518	265
146	270
215	265
453	270
142	270
504	280
116	278
209	283
389	281
187	291
521	296
129	297
257	298
431	309
188	307
516	310
156	318
260	325
470	322
198	325
519	329
181	341
267	334
514	349
211	351
575	346
179	362
278	359
545	365
227	370
581	370
195	381
297	379
588	396
237	391
513	396
264	400
324	398
619	401
227	404
487	403
298	394
308	390
596	347
150	264
385	301
174	272
242	274
541	275
120	267
328	265
253	255
166	253
505	246
98	243
285	241
274	237
141	232
479	228
130	224
260	219
302	222
103	216
482	216
84	211
205	210
322	206
103	204
456	206
79	203
169	198
339	196
89	194
441	195
73	191
147	193
258	188
119	190
437	188
72	186
224	186
253	184
85	184
428	182
69	180
131	177
388	181
67	177
333	176
67	178
129	177
400	172
71	178
390	173
64	172
129	172
414	172
61	172
374	172
62	174
125	170
424	169
67	171
266	172
147	169
88	170
412	171
65	171
243	169
181	169
80	166
412	170
63	166
220	170
99	170
130	164
443	171
61	165
297	170
127	167
104	169
460	168
94	170
295	169
144	168
95	170
431	167
67	172
248	170
174	171
86	172
416	172
67	170
227	173
210	170
80	172
421	170
61	172
123	170
355	172
52	171
417	171
62	168
126	172
300	173
77	171
401	171
60	169
151	168
319	173
67	171
385	173
60	172
127	172
417	172
68	174
283	169
65	173
128	172
423	173
67	170
354	172
62	170
131	176
439	170
64	170
331	170
61	169
125	170
395	169
64	171
308	169
77	170
111	168
405	170
66	170
289	167
130	170
101	170
409	166
62	168
269	165
65	165
129	169
434	166
68	167
244	165
177	167
80	164
429	167
85	166
240	166
227	164
80	164
419	163
61	163
190	165
254	162
66	163
445	166
62	162
159	162
285	161
62	161
388	161
57	163
125	162
400	159
58	160
375	162
55	160
122	160
339	160
56	159
359	160
56	160
122	158
350	159
131	160
350	160
55	157
115	158
372	160
59	157
321	157
57	160
120	156
392	157
59	157
378	158
54	155
119	156
407	157
57	160
359	153
53	154
119	157
414	155
101	154
277	156
151	155
82	156
403	155
55	152
232	154
178	153
67	154
404	155
55	153
206	152
94	157
116	153
430	154
57	155
179	154
254	155
56	152
387	151
85	151
176	153
294	153
56	155
381	151
56	153
132	154
315	152
55	152
413	151
52	149
116	152
334	150
56	150
400	152
52	149
113	154
352	151
106	151
400	149
53	151
109	152
288	152
58	150
383	150
54	152
138	151
308	154
57	151
372	156
53	154
121	159
421	178
92	219
309	215
97	220
174	225
480	223
96	231
399	233
93	235
183	241
496	233
105	246
388	238
105	246
179	240
511	252
100	243
271	248
304	243
150	252
497	248
107	257
242	251
343	249
148	251
498	255
106	259
222	266
267	258
191	254
531	264
105	256
318	266
269	260
174	268
518	264
106	263
295	270
314	272
168	266
514	269
113	268
266	270
348	263
164	270
514	266
111	268
239	268
381	267
142	264
486	266
108	266
193	256
485	261
114	265
450	265
109	268
204	275
441	278
151	278
464	287
131	286
227	289
476	292
162	302
453	293
149	296
242	307
571	320
155	322
352	325
225	319
275	326
598	332
171	330
446	346
233	344
265	351
604	354
181	355
438	368
292	371
277	364
599	371
208	379
442	390
344	382
289	400
629	398
217	392
435	403
406	410
303	410
643	408
229	407
407	391
308	371
274	277
586	294
135	283
274	272
371	279
166	263
499	264
108	258
225	253
367	249
131	246
459	241
100	238
191	234
380	230
116	225
475	224
87	221
162	219
391	216
88	212
394	211
79	206
153	207
462	205
76	202
361	200
76	200
149	197
409	195
72	192
334	192
98	189
145	190
416	189
73	186
308	186
71	186
138	182
430	186
74	180
285	180
73	180
139	180
439	178
69	178
350	178
62	174
132	175
438	172
87	174
332	174
67	174
120	172
436	174
65	171
206	170
245	173
77	172
421	169
64	169
178	168
278	170
71	168
418	169
62	168
151	170
202	170
113	169
441	167
103	170
150	170
340	168
59	167
375	170
60	166
127	169
357	170
66	172
352	169
62	166
123	170
374	169
60	168
400	170
61	170
126	169
389	171
61	170
373	170
63	172
123	170
403	170
62	171
376	172
62	171
127	169
352	171
63	172
359	170
61	170
130	170
372	172
64	173
341	173
63	173
131	174
440	173
67	173
225	174
89	175
131	176
449	171
66	175
303	172
95	173
113	174
444	172
69	175
281	173
131	175
98	173
440	172
65	173
152	174
320	172
66	174
423	174
64	171
133	173
338	170
66	173
418	174
94	171
145	174
280	174
93	168
426	173
61	172
182	169
280	173
69	171
399	169
61	169
158	173
309	169
64	170
384	169
63	171
134	171
324	168
63	170
421	169
59	167
118	169
347	165
62	168
358	172
58	164
129	167
432	164
63	170
334	166
59	168
131	170
388	165
62	167
316	168
73	165
114	165
402	164
64	163
288	165
99	164
103	165
432	165
62	164
161	167
178	164
113	163
441	165
61	164
250	166
167	165
78	162
418	163
63	166
223	161
206	165
66	163
408	165
61	164
198	161
241	164
67	164
416	163
59	161
172	163
278	163
64	164
410	160
59	159
145	162
202	163
103	159
436	162
57	160
128	160
331	163
58	160
364	162
56	159
112	161
341	162
56	158
349	163
56	157
116	160
367	157
59	162
396	160
56	159
118	157
386	160
59	158
307	160
69	156
103	158
427	158
62	157
282	161
100	158
89	156
389	159
61	160
260	159
133	158
79	156
398	159
58	159
239	157
64	153
123	158
430	158
59	156
215	156
82	155
126	161
433	154
99	158
313	153
93	158
102	157
436	157
56	155
268	157
122	156
81	156
419	157
54	155
137	156
310	160
55	156
411	155
60	162
117	152
326	158
57	155
404	156
58	157
113	152
258	154
70	153
406	158
55	155
113	153
370	156
56	157
319	154
56	159
115	157
382	152
56	155
301	155
54	155
114	152
400	155
60	155
348	153
55	156
121	158
416	152
53	154
346	157
52	152
118	156
422	154
53	151
323	154
52	151
116	154
381	154
56	153
304	155
62	151
101	153
384	151
61	155
281	153
94	151
88	153
421	152
65	154
154	156
166	154
96	151
430	156
57	152
242	149
165	155
70	153
413	153
57	155
215	149
198	153
63	151
405	154
54	151
114	153
354	154
56	153
396	150
54	153
113	155
369	154
54	152
383	153
51	151
115	153
308	153
53	152
371	154
54	153
125	153
327	156
53	151
358	155
52	152
121	155
339	151
53	148
340	154
60	151
117	152
367	155
54	151
389	150
53	154
114	150
380	153
56	154
299	151
69	152
101	154
422	151
55	149
279	153
102	154
84	151
395	152
55	152
257	151
132	154
73	151
395	155
55	149
236	157
167	150
69	153
407	151
56	153
114	153
239	151
79	152
408	153
55	155
187	149
243	154
57	151
395	153
94	152
180	151
288	152
53	153
408	153
53	154
135	155
308	154
55	154
413	154
54	152
120	154
329	152
57	150
404	157
54	154
112	149
257	157
70	152
393	153
56	154
114	154
368	154
71	154
323	150
55	156
111	152
380	155
57	154
299	156
53	155
120	158
405	154
59	154
361	156
54	157
121	160
425	178
101	197
326	240
198	217
126	226
471	226
96	230
290	232
238	228
140	236
474	231
101	242
272	237
286	244
148	253
492	249
109	256
250	248
219	250
198	248
525	251
134	253
247	259
270	254
207	264
529	248
107	258
319	260
250	255
164	254
516	266
118	273
302	269
292	264
166	265
511	267
110	265
196	263
448	271
130	268
490	273
138	274
210	269
475	268
135	271
481	270
113	278
200	263
405	264
152	262
476	267
107	262
195	259
498	267
113	262
355	264
203	270
191	277
512	278
117	273
333	281
167	289
235	277
550	290
127	290
433	300
141	290
228	300
560	305
144	312
424	318
189	315
247	326
586	326
158	322
420	336
249	335
256	346
576	354
188	354
416	347
309	366
267	361
598	368
199	373
423	383
367	378
285	384
630	384
219	409
313	393
457	394
276	400
637	395
222	395
385	383
432	336
206	273
554	315
133	283
267	292
391	288
165	279
498	275
116	271
200	266
488	264
114	257
449	252
102	250
187	247
483	241
94	239
418	238
92	232
176	231
416	228
93	227
391	224
87	220
168	220
426	216
124	216
379	212
114	212
164	210
437	207
84	207
334	202
82	203
154	202
439	200
81	199
392	198
74	196
145	196
446	194
75	191
278	192
167	192
106	190
450	188
76	191
255	185
203	188
97	185
435	184
75	186
227	184
242	186
88	181
433	188
69	179
199	186
274	181
79	181
413	181
65	178
130	180
306	179
69	178
394	179
67	177
153	178
331	178
66	178
381	174
68	178
130	174
352	176
69	177
419	174
64	174
129	177
370	172
65	175
408	173
63	172
126	173
386	171
64	175
387	175
65	171
129	174
323	173
65	173
385	175
63	173
124	172
418	174
69	177
282	168
120	174
97	172
418	174
65	172
262	171
76	175
138	172
445	174
94	176
358	174
64	174
119	174
431	176
68	173
216	174
237	177
81	176
422	175
64	172
189	177
276	176
76	176
430	176
66	175
164	178
308	173
74	177
423	174
97	179
154	174
237	176
113	176
445	174
68	177
127	174
261	176
104	176
436	176
65	177
202	174
268	176
77	176
414	176
66	177
170	178
300	177
68	176
397	176
91	178
147	177
422	180
70	177
386	175
82	178
141	176
429	177
65	177
368	176
65	178
134	176
371	179
64	177
350	174
64	176
129	175
441	177
96	174
247	176
211	175
88	175
424	173
68	174
214	178
130	176
133	173
458	176
67	173
291	175
120	173
99	172
438	174
67	173
263	173
154	172
91	172
433	174
67	171
242	174
187	172
113	171
430	172
63	170
215	169
230	173
76	170
416	169
67	173
188	168
269	172
73	174
404	169
62	168
124	168
311	173
67	168
389	170
90	170
162	169
332	169
75	169
384	167
64	167
127	170
343	165
64	169
358	164
59	168
128	166
433	167
64	169
341	166
59	167
130	168
437	166
61	166
322	166
64	168
113	164
390	167
78	168
310	168
88	162
105	167
407	167
64	164
275	164
117	165
86	162
406	164
64	163
255	164
64	161
127	162
433	164
62	163
327	164
58	163
117	161
430	161
60	164
210	165
228	162
97	162
425	164
62	163
179	164
267	163
63	161
414	164
60	161
152	162
297	161
64	162
410	162
60	161
126	160
309	161
61	166
371	157
57	163
121	161
349	159
60	162
351	159
55	159
124	162
366	159
58	161
337	159
57	162
119	161
382	161
57	157
387	159
55	157
122	162
395	159
58	159
377	158
84	158
135	158
421	158
59	159
358	155
55	159
122	158
357	157
57	159
339	160
52	156
122	156
428	160
62	158
223	157
193	157
69	159
405	158
93	159
211	159
114	154
118	156
444	161
58	156
280	155
107	155
88	157
429	157
56	155
147	157
298	157
56	160
382	157
59	157
126	153
322	158
52	153
412	158
68	154
118	154
344	157
56	157
397	155
58	156
116	158
278	155
68	155
397	155
53	151
117	155
302	158
57	154
381	153
55	157
135	152
316	157
52	155
371	158
69	151
118	154
336	156
54	154
355	152
54	156
119	155
421	153
58	156
334	154
53	155
122	155
429	152
55	155
316	156
55	152
109	153
385	153
56	152
284	154
81	154
98	156
429	155
54	151
169	155
263	155
58	154
409	155
55	155
141	152
197	155
97	151
429	153
57	154
227	153
187	157
65	151
409	154
58	157
201	151
218	155
57	153
403	155
74	152
177	152
264	155
54	151
409	151
56	153
146	153
292	150
55	152
408	154
53	153
127	151
316	153
55	154
367	153
50	152
116	152
327	154
55	155
340	153
54	156
117	150
358	154
55	153
329	149
53	150
114	152
375	155
54	149
308	149
58	152
110	154
427	153
55	150
290	153
86	153
91	152
420	154
97	149
286	153
121	151
111	153
396	155
59	151
245	152
154	153
71	154
398	152
56	152
223	154
189	151
61	150
397	154
56	153
197	153
109	149
113	157
433	152
57	158
276	152
109	151
118	151
402	152
55	151
141	150
298	155
53	151
376	154
52	151
124	153
318	149
54	153
408	150
55	153
112	152
335	150
58	150
399	153
55	154
117	155
361	151
58	153
325	152
52	153
116	151
380	153
55	150
306	153
61	153
102	153
388	155
54	149
286	153
51	152
117	154
408	152
101	153
370	151
53	157
114	154
415	152
55	151
334	154
53	155
120	151
429	153
57	156
313	151
55	155
111	152
388	152
56	155
293	152
84	154
98	154
426	156
55	149
165	154
271	153
56	151
436	156
53	153
135	152
191	157
96	154
430	153
55	153
231	155
186	154
66	157
410	152
54	155
115	154
346	155
53	152
342	154
52	156
118	156
362	152
83	156
410	155
55	153
118	157
383	153
56	158
380	154
54	153
115	153
319	154
53	154
368	158
55	157
117	152
340	154
54	153
351	154
68	151
121	156
362	154
52	155
334	156
56	154
119	159
378	154
57	159
312	155
58	155
110	155
427	151
57	157
295	155
90	157
97	157
425	155
62	158
265	157
119	156
78	156
395	161
76	155
255	157
153	154
73	153
417	155
57	155
124	156
328	157
59	156
411	162
56	156
115	152
257	158
80	161
409	156
56	157
179	160
265	156
57	156
391	157
55	157
145	157
296	156
57	156
383	161
56	153
133	161
323	156
55	158
415	160
55	154
116	158
342	156
58	159
401	153
59	159
116	155
362	158
54	156
333	161
55	155
120	160
378	158
59	157
313	156
61	160
100	160
390	159
60	160
290	158
58	162
121	158
417	163
60	159
269	162
122	159
83	158
428	164
63	166
262	174
185	201
169	237
498	217
95	233
283	241
262	239
145	243
482	239
98	236
258	235
306	248
144	246
492	253
103	247
239	249
351	254
144	249
499	256
103	254
219	255
279	259
198	259
529	259
106	256
309	259
271	264
167	260
516	266
109	260
199	273
434	263
131	264
437	264
119	268
205	271
458	270
121	268
488	277
111	264
208	279
474	263
131	274
475	269
108	265
200	271
497	272
126	274
375	266
177	264
192	273
502	275
117	272
348	264
219	273
190	277
509	271
120	284
334	276
173	282
245	285
555	291
136	298
422	290
152	300
231	305
559	308
145	316
414	308
202	316
244	326
579	328
162	338
415	336
266	345
253	344
573	342
187	363
414	359
324	366
274	374
623	372
195	375
304	374
527	387
262	389
625	390
207	394
310	394
470	405
302	403
645	396
225	393
376	378
417	290
207	299
540	304
131	282
225	294
495	283
136	279
406	274
141	273
214	262
499	263
115	257
441	253
102	251
186	247
486	241
97	241
411	237
93	235
175	231
420	228
94	227
385	224
87	223
167	218
432	219
84	215
360	215
85	212
154	211
433	207
83	208
328	206
85	205
155	200
447	203
80	199
303	200
145	198
118	194
456	195
75	193
268	194
172	190
106	192
451	188
74	189
254	189
211	189
96	187
433	187
71	185
223	187
246	184
90	187
429	184
68	182
132	181
384	182
72	182
405	179
68	182
131	180
318	180
76	179
402	178
68	180
148	179
336	178
68	176
382	181
67	177
128	178
353	176
65	176
364	177
65	176
128	176
372	177
65	175
410	175
64	176
125	175
390	176
65	175
393	172
66	179
130	174
408	173
67	173
306	176
94	174
111	172
409	173
67	173
283	172
128	177
97	172
410	174
68	174
264	176
77	175
131	177
432	174
64	174
241	171
199	175
82	174
430	174
66	174
221	174
243	176
82	175
422	175
69	175
189	177
276	175
77	178
427	174
65	177
155	174
303	178
72	180
422	175
66	177
143	176
333	175
71	177
425	175
69	176
128	173
262	179
103	176
433	178
65	175
203	180
267	175
81	177
420	178
91	176
147	176
397	178
69	176
329	182
64	175
127	178
408	179
68	180
387	178
68	180
131	176
424	177
67	177
371	178
65	179
134	178
438	179
71	176
262	179
165	177
96	183
421	176
67	176
244	181
203	175
87	179
422	175
71	177
219	177
121	176
136	177
452	177
67	175
293	176
114	178
103	177
438	175
67	177
271	173
149	179
93	174
434	174
78	172
258	174
193	175
86	172
424	179
74	174
229	174
223	171
79	174
418	174
63	170
124	173
366	170
66	174
404	174
62	172
126	173
304	169
74	174
397	171
63	171
148	171
327	175
63	170
384	171
63	170
125	170
415	170
67	172
281	171
67	170
129	171
429	168
65	169
346	167
61	170
129	168
434	169
61	166
328	170
74	167
127	167
399	168
67	170
305	168
83	166
111	169
402	164
65	168
285	167
109	167
95	165
407	165
64	165
265	168
64	165
126	165
433	165
89	164
250	166
179	166
78	164
423	166
61	166
224	167
214	163
73	169
415	164
64	166
194	163
252	164
64	160
415	166
60	161
166	167
284	161
63	167
390	164
58	162
124	164
397	162
52	163
383	163
60	162
113	162
328	164
63	161
363	162
57	162
127	162
359	159
62	164
343	159
58	164
121	163
372	160
60	164
324	159
58	164
122	161
392	165
51	160
394	162
56	159
118	160
405	159
58	160
373	162
56	160
120	159
415	158
62	162
261	159
135	163
83	164
405	159
61	158
240	159
170	162
74	160
401	157
65	159
219	158
86	159
121	160
440	155
58	159
195	159
247	157
64	158
401	161
55	157
169	158
282	157
60	158
384	157
59	158
142	158
306	157
53	156
415	158
58	159
116	155
320	155
61	157
408	157
55	156
116	156
350	156
59	157
404	158
56	158
118	157
281	157
65	155
393	156
55	159
154	160
293	155
58	159
377	157
55	155
119	158
398	156
59	158
283	153
57	155
120	157
413	156
59	157
353	152
53	154
120	156
424	154
56	154
335	158
51	153
121	160
427	153
58	155
218	154
204	155
58	155
407	155
58	154
194	156
239	154
62	157
411	156
56	155
166	155
161	152
109	156
433	154
58	158
253	155
149	152
72	154
413	155
54	152
233	160
184	157
59	158
400	154
54	156
201	152
225	156
60	155
407	154
58	155
175	152
262	155
58	154
390	150
55	157
117	153
382	154
53	153
380	155
51	152
114	156
316	148
58	155
367	152
53	151
116	153
334	155
55	152
351	155
51	153
119	153
423	155
54	151
242	155
63	152
120	152
427	152
56	154
314	150
55	154
111	157
430	152
59	153
294	152
85	154
92	155
392	150
58	152
273	156
115	153
80	154
398	155
58	154
250	154
147	152
67	154
394	151
77	151
232	153
72	154
120	151
435	153
63	153
198	152
220	156
56	150
400	153
58	157
180	151
262	152
58	150
394	152
56	153
150	151
292	152
52	153
409	151
53	151
128	153
314	152
64	150
371	154
51	152
114	152
400	150
53	152
353	157
50	150
114	152
358	155
55	153
335	157
48	148
119	153
372	150
57	153
313	152
53	152
114	154
391	152
69	152
293	152
93	154
135	152
418	150
97	155
374	151
51	153
119	152
419	152
52	150
338	152
53	154
119	154
426	153
56	151
228	155
185	151
64	153
399	152
85	155
217	149
228	155
65	154
395	153
58	152
177	155
145	155
107	153
439	155
58	153
151	152
290	151
55	155
382	156
54	152
133	152
317	152
53	156
368	151
85	153
130	156
338	150
53	150
407	154
54	153
115	154
355	152
57	155
397	155
54	155
116	153
374	152
57	153
388	156
51	149
117	156
315	154
52	156
374	154
67	155
124	154
334	157
56	154
356	157
53	151
118	157
417	152
59	154
252	156
61	154
122	152
427	152
58	153
324	156
53	152
113	151
433	155
57	152
303	155
97	152
116	155
438	153
58	155
180	155
258	153
61	156
407	154
52	154
153	160
292	160
56	152
408	154
54	153
132	158
214	152
96	157
430	158
54	154
219	154
204	152
52	155
405	153
56	155
191	151
246	158
59	154
399	157
56	153
161	155
278	154
54	153
411	155
56	153
139	156
304	154
52	155
376	155
54	153
114	155
398	156
61	156
354	156
54	157
116	149
349	155
57	153
344	156
54	155
119	155
368	154
56	154
324	156
53	156
115	154
429	154
58	158
207	154
98	155
114	152
436	156
58	156
283	153
99	152
86	152
427	155
60	157
259	154
135	156
77	155
398	155
57	153
239	156
167	154
70	157
399	154
75	156
224	157
213	158
65	153
405	158
58	157
188	154
128	155
101	154
439	156
59	154
163	158
267	154
60	161
386	154
54	158
149	162
313	157
55	154
378	156
56	155
122	155
327	152
54	157
406	156
64	153
121	156
350	158
60	153
342	157
50	152
119	154
425	156
58	158
321	152
57	159
114	154
384	155
56	155
301	154
69	156
99	154
392	156
120	155
310	156
60	157
118	158
419	155
66	159
262	153
57	154
125	159
432	157
58	155
332	157
54	157
119	157
431	155
54	156
313	153
61	161
106	154
425	156
90	155
208	157
243	154
62	157
410	156
60	160
163	154
280	159
61	159
412	156
55	155
141	156
201	156
97	154
431	158
55	153
124	156
329	156
53	155
360	156
56	160
118	156
348	158
57	159
345	154
77	158
124	155
377	160
57	157
394	157
54	155
119	160
389	161
55	157
381	159
52	154
120	160
398	156
57	159
368	158
87	159
134	156
352	156
57	159
355	158
57	156
121	157
367	157
56	156
334	160
56	159
121	158
432	156
59	157
219	156
87	160
124	157
437	157
60	160
293	156
91	154
100	160
428	158
67	159
275	159
136	160
90	163
429	157
59	161
142	156
311	159
55	155
415	158
59	160
124	156
330	156
58	157
409	158
55	156
117	162
251	157
68	158
410	157
59	159
178	156
266	159
58	155
393	155
53	157
153	158
300	156
58	155
383	158
56	155
133	163
321	155
55	156
414	159
57	161
116	157
342	154
64	159
355	156
52	154
118	161
426	159
55	153
330	153
53	155
122	161
382	155
58	160
313	152
60	158
109	156
390	157
56	152
294	161
87	155
95	158
423	152
65	158
165	155
169	156
107	155
438	157
57	155
253	154
158	161
74	154
422	160
59	154
229	157
191	156
68	155
402	157
58	156
194	155
225	158
62	154
411	157
60	160
177	157
257	153
53	154
413	162
55	157
151	158
191	157
104	155
437	157
56	155
131	156
322	156
66	155
367	157
55	156
122	160
345	158
55	155
350	159
57	156
115	158
346	154
59	157
400	160
56	157
119	158
381	158
57	155
315	156
56	155
112	160
433	156
58	158
293	157
89	159
97	160
399	158
55	160
283	157
119	158
80	160
410	165
61	155
250	160
62	161
125	157
433	157
63	165
234	167
89	177
162	214
493	232
90	224
352	226
120	228
161	236
498	245
103	240
343	244
174	248
163	247
508	245
101	249
217	250
369	247
139	255
502	254
101	249
204	259
406	258
140	257
504	263
107	260
192	259
336	263
185	267
518	260
115	272
192	256
455	273
135	270
430	267
128	274
210	268
482	272
126	268
409	275
135	271
217	272
497	274
124	271
460	268
115	277
202	270
501	270
115	272
444	271
115	274
203	269
497	271
109	265
429	279
118	276
213	278
475	271
138	279
417	274
135	280
213	278
499	289
138	292
407	290
173	293
219	297
558	302
138	310
294	315
284	316
260	325
589	321
155	325
401	336
291	339
247	343
595	347
171	347
387	353
345	358
256	358
615	374
192	374
294	379
537	384
243	382
614	386
209	396
313	398
577	404
259	396
624	410
221	403
321	398
496	373
223	290
539	298
147	305
248	281
435	297
170	284
492	281
118	276
214	270
432	269
139	261
452	260
109	255
189	253
429	248
114	244
478	242
99	239
181	236
435	233
96	229
377	230
90	224
163	220
486	220
89	220
348	217
106	214
145	212
444	214
84	206
322	212
136	205
129	204
446	207
87	203
298	201
171	200
118	201
448	197
76	197
158	196
249	194
129	193
465	195
73	190
243	192
237	190
96	188
441	191
74	187
209	186
272	189
83	183
441	188
74	182
182	184
302	183
74	182
436	184
67	178
156	184
331	181
74	180
428	181
70	181
139	180
253	180
110	180
445	177
68	181
130	178
368	176
90	179
359	178
66	178
136	177
391	176
67	178
340	176
63	174
130	175
402	175
66	174
399	180
63	175
130	174
420	176
68	174
295	174
109	176
102	175
440	174
69	175
277	176
140	172
93	173
421	174
76	174
256	174
183	174
88	175
425	177
68	173
229	177
95	173
139	176
455	175
65	172
201	176
137	175
131	178
453	176
66	177
283	176
130	175
100	178
444	176
80	177
272	180
169	175
95	178
441	175
67	179
139	178
347	179
64	176
425	175
66	175
127	175
362	176
67	172
412	176
67	178
131	179
292	176
84	179
415	175
65	178
128	177
401	179
68	177
319	177
76	176
120	180
411	180
72	178
302	180
66	178
134	182
411	177
70	179
368	179
67	180
132	182
440	176
70	177
347	182
65	179
138	183
452	178
69	178
332	178
68	178
125	179
407	177
67	176
309	180
93	175
113	178
416	176
69	175
289	179
126	176
99	177
433	176
64	173
156	175
213	176
119	173
454	175
65	175
246	176
199	174
87	178
434	174
66	174
219	174
236	174
78	170
421	177
64	175
126	174
376	174
64	173
410	177
67	171
130	173
393	171
63	175
395	172
63	174
127	170
332	172
63	173
379	172
61	172
131	170
352	173
61	169
364	172
61	170
127	166
370	174
64	170
350	171
64	168
123	170
371	167
63	169
402	172
62	169
124	167
402	172
64	168
304	167
88	171
111	172
445	167
67	171
285	168
116	164
92	170
412	167
68	165
259	169
151	169
77	167
411	164
66	170
240	166
187	164
78	168
425	167
59	164
124	166
261	170
90	164
423	164
75	164
196	166
268	165
66	163
396	164
61	164
156	166
294	165
63	164
418	162
59	164
143	166
324	165
63	165
421	164
60	164
120	162
341	164
63	163
410	164
57	160
121	165
270	164
76	162
410	164
61	162
118	160
374	164
55	161
322	163
60	162
115	161
391	160
60	161
302	161
59	160
125	164
411	157
62	159
365	158
55	159
123	160
426	164
54	160
262	159
142	159
82	163
423	161
63	159
240	161
180	161
74	160
412	159
61	159
213	159
214	160
66	160
409	161
59	160
189	160
136	158
113	160
436	158
86	159
180	157
180	156
104	160
439	156
58	160
252	159
170	162
76	159
421	159
59	157
225	159
201	158
68	156
411	158
57	157
116	157
354	158
57	159
408	159
52	155
113	158
360	156
54	154
393	158
59	159
120	157
312	159
57	159
384	159
54	158
121	156
406	158
59	156
285	159
105	154
86	155
391	160
61	154
257	155
55	155
118	152
425	154
59	156
336	154
55	157
120	155
433	152
60	159
312	157
59	153
107	154
434	156
61	157
288	154
92	154
96	159
399	156
60	154
267	155
124	156
77	156
399	156
55	155
252	158
154	154
68	156
413	153
57	154
122	155
234	156
85	155
428	158
54	154
204	155
233	154
64	155
401	154
56	154
174	156
259	156
56	152
390	153
57	159
110	153
382	155
58	156
380	152
55	157
122	160
404	152
55	153
368	155
53	152
116	153
345	156
53	154
351	153
53	154
120	156
364	156
62	155
336	155
56	157
114	149
380	155
58	157
315	153
52	152
116	156
392	152
58	154
372	152
51	151
117	156
409	153
59	156
270	153
118	154
78	152
417	154
69	155
253	153
149	153
55	154
395	153
56	151
228	153
187	153
65	153
406	154
59	155
204	152
225	153
58	152
404	157
56	149
119	155
278	151
62	152
391	152
55	154
154	156
291	151
56	156
377	153
57	153
127	152
319	153
56	155
413	152
54	152
115	152
339	154
55	153
406	152
55	154
114	151
357	155
57	154
396	151
69	154
120	152
291	154
54	150
390	155
54	153
114	150
392	152
56	151
295	151
122	152
113	151
403	152
58	152
274	153
52	150
119	154
415	150
57	156
345	151
90	155
134	151
439	154
57	151
229	153
181	153
67	157
413	154
58	156
204	149
220	156
58	150
411	152
53	152
181	155
257	150
58	155
407	153
58	157
153	154
175	157
98	150
427	153
58	157
136	151
214	152
94	153
428	152
57	152
219	156
205	155
59	151
404	150
57	154
192	154
240	151
60	157
396	154
55	155
116	154
365	152
54	153
388	157
55	153
115	152
391	153
53	150
377	154
52	151
118	156
330	155
54	153
362	154
55	159
120	156
417	153
61	157
253	152
139	153
69	156
397	153
55	155
233	151
69	157
124	153
436	155
56	154
309	153
67	156
102	154
429	158
60	153
280	149
98	157
92	152
423	152
62	157
264	156
127	156
76	154
398	154
62	156
244	155
158	154
65	155
402	155
59	157
220	155
202	156
69	156
407	156
61	151
117	155
257	157
71	151
405	154
55	154
174	156
272	153
103	157
406	152
56	153
142	154
301	151
54	155
379	155
60	163
114	154
404	155
56	150
366	157
54	153
119	155
416	154
54	153
349	155
54	153
119	155
362	153
103	154
347	155
54	153
117	154
384	156
58	158
310	152
61	153
103	153
394	160
59	155
292	153
56	157
121	154
413	155
57	154
356	154
52	158
120	154
422	154
96	154
270	155
169	157
76	153
419	160
61	157
225	155
192	154
63	155
407	155
56	151
199	157
228	155
59	155
405	153
86	159
190	153
276	156
62	157
390	153
55	155
114	155
306	156
56	156
381	153
55	158
134	154
324	155
54	151
371	158
54	154
113	152
344	155
54	155
407	154
54	154
115	154
361	157
53	154
398	154
82	160
133	156
387	155
54	155
386	155
54	156
116	158
318	155
58	154
377	157
57	155
120	155
413	159
60	158
270	157
118	154
83	156
399	157
58	153
254	156
63	161
118	154
428	159
57	155
324	157
56	156
113	155
436	157
58	155
204	153
229	159
62	155
405	154
56	155
180	159
262	155
57	155
414	156
55	152
153	158
281	151
59	158
413	157
57	159
134	155
218	154
97	158
435	160
56	155
120	159
245	154
82	154
420	157
57	159
194	157
250	158
59	156
400	155
56	154
166	160
272	156
55	156
391	158
56	155
117	155
394	157
61	157
378	158
54	155
120	158
411	157
51	152
364	161
53	154
119	156
352	154
56	158
342	154
54	157
119	157
428	157
61	158
234	156
176	156
64	159
406	157
58	156
209	154
102	159
119	152
444	160
57	155
289	158
99	157
92	158
423	153
63	157
263	157
127	155
77	156
410	155
57	157
237	157
163	158
65	154
405	159
58	154
220	156
204	158
64	153
410	156
58	157
196	157
239	153
63	158
400	158
54	154
117	156
282	152
67	158
387	158
55	157
149	155
310	158
55	154
379	155
61	161
125	157
325	156
58	153
364	158
54	157
122	160
421	157
59	156
347	156
55	157
123	156
425	154
95	156
351	155
65	157
118	155
388	157
59	157
312	157
64	156
105	157
393	159
61	158
288	156
95	157
95	158
401	156
62	156
265	155
55	157
124	160
425	158
112	157
368	156
63	155
121	156
427	154
61	159
225	157
197	156
67	155
414	161
57	153
200	158
233	155
59	156
411	156
56	155
173	157
268	155
58	158
411	156
59	155
146	156
301	158
72	155
368	163
56	155
117	157
325	157
56	157
368	157
53	158
122	156
350	161
54	154
350	158
56	157
116	158
362	155
57	157
401	155
70	157
117	156
376	156
60	156
387	155
58	157
118	156
399	157
59	158
374	158
56	161
121	158
343	160
55	155
359	160
53	156
121	160
422	157
58	157
251	157
177	158
81	160
404	159
59	160
232	155
76	160
124	156
443	160
58	155
306	157
77	156
101	157
432	156
58	157
181	161
267	159
58	156
395	159
58	156
152	158
293	158
57	155
417	155
102	157
155	160
332	158
60	159
410	154
59	161
118	156
247	158
84	157
419	158
55	156
117	156
272	159
73	159
402	158
55	156
166	160
281	156
57	159
391	160
57	155
138	157
304	159
60	160
377	155
53	155
122	157
411	157
61	158
359	157
52	154
121	157
424	156
58	159
345	154
53	155
125	162
373	154
68	157
332	158
58	157
116	158
435	156
59	156
209	157
223	159
63	156
413	157
57	158
181	157
147	160
111	155
436	158
57	156
265	157
136	161
78	159
420	156
60	157
239	153
165	158
64	155
414	158
58	154
219	159
207	157
66	157
411	156
57	155
195	160
243	156
62	158
406	156
59	156
165	156
279	160
56	158
392	157
57	160
120	156
310	160
50	155
376	156
57	160
129	153
333	160
58	159
364	159
56	157
117	156
353	164
56	154
347	156
54	160
120	153
432	158
60	157
326	157
54	157
117	154
430	157
65	155
311	158
66	154
105	160
394	156
60	157
286	157
97	154
92	156
398	157
62	159
264	157
129	159
82	158
402	157
60	158
242	155
61	154
122	160
437	160
58	155
320	158
57	156
110	159
434	160
61	157
195	161
236	156
61	156
400	158
57	155
169	155
275	161
57	155