648	174
157	177
318	178
167	176
115	173
412	179
67	172
248	175
83	173
145	176
434	172
68	175
309	172
64	171
117	172
425	170
64	170
196	171
240	171
79	167
395	168
64	170
170	169
268	167
71	168
401	167
63	168
148	163
295	165
65	167
420	165
58	162
127	164
316	162
61	164
352	162
56	162
122	160
340	163
60	162
333	161
57	160
124	159
356	162
131	160
319	160
54	157
119	159
367	156
61	157
366	158
95	157
135	156
391	157
61	155
354	156
55	158
122	155
397	155
55	156
340	154
54	157
118	153
342	154
55	152
322	157
52	154
120	152
406	153
68	153
217	153
178	154
67	152
382	153
55	152
192	156
109	152
117	152
420	153
55	153
270	153
103	153
87	152
407	154
55	151
147	157
281	153
53	154
356	152
58	161
127	155
303	158
58	158
384	156
56	159
119	156
330	155
57	155
387	156
55	156
117	157
263	154
73	153
384	154
54	155
116	155
282	152
59	155
368	154
55	155
138	152
290	151
55	153
358	154
70	152
129	155
322	154
56	153
342	152
53	156
118	153
400	155
61	156
330	165
70	191
170	238
461	218
88	223
363	235
95	232
168	223
428	236
151	238
370	233
138	240
183	243
495	245
99	241
241	249
328	249
155	254
485	258
105	251
227	260
263	262
202	259
518	269
108	260
308	274
252	262
178	271
511	274
112	264
298	277
299	275
183	275
502	270
120	274
277	282
337	276
182	280
509	276
116	273
253	281
369	283
178	279
503	276
116	276
227	288
407	291
163	279
460	287
147	290
226	295
439	297
187	291
444	290
175	299
241	304
454	296
193	306
433	305
189	306
244	306
482	315
198	314
426	317
204	318
265	327
522	338
187	333
411	340
229	339
275	341
557	352
212	346
414	352
287	360
291	362
555	365
242	377
420	373
340	385
299	379
582	389
252	390
418	397
388	400
322	416
585	410
261	407
416	415
332	411
365	406
627	389
215	303
395	280
227	299
222	272
504	282
141	272
242	269
353	259
167	259
442	252
122	249
204	242
360	240
139	239
447	232
102	230
163	227
364	224
122	222
426	219
93	217
152	216
371	212
104	208
355	210
86	203
150	205
381	203
88	204
336	200
76	201
149	199
395	198
115	197
320	195
77	197
143	194
408	195
77	192
377	194
70	190
143	193
416	189
76	190
357	189
69	188
143	191
423	187
72	188
338	187
70	188
141	185
377	187
71	186
323	184
93	185
145	183
441	184
111	182
235	183
252	183
103	184
417	181
72	182
184	182
163	183
137	181
435	181
70	182
262	181
153	182
105	180
417	179
68	180
144	181
319	180
76	181
355	180
71	181
136	180
341	178
70	181
396	180
68	179
128	178
355	180
69	180
384	179
67	180
130	180
295	181
89	181
392	180
69	180
132	181
312	181
77	181
370	180
67	180
144	179
335	180
71	180
353	180
66	179
127	178
347	180
65	179
338	177
63	176
134	177
416	176
69	177
321	176
64	175
124	176
416	172
67	173
298	173
75	175
114	172
381	172
68	172
277	171
103	170
106	171
410	169
65	172
159	169
281	169
73	169
393	171
64	167
140	168
209	168
112	168
393	170
63	165
218	166
201	165
85	166
401	167
63	164
188	166
233	165
73	161
384	164
59	161
167	162
264	163
67	161
388	159
59	160
144	159
290	163
62	160
387	161
65	160
130	160
310	156
57	161
343	158
54	156
121	161
328	156
55	155
327	157
53	156
117	154
342	155
56	154
311	157
54	157
116	155
362	158
57	157
295	153
61	156
105	155
399	151
58	157
274	153
87	155
93	154
396	154
59	154
252	154
115	152
83	154
375	154
57	151
231	154
147	151
73	154
360	152
54	149
214	153
181	151
71	149
381	153
55	149
189	153
107	150
118	152
410	152
54	153
263	151
101	152
89	152
395	152
55	151
144	152
274	152
56	153
350	152
56	154
133	154
301	155
48	158
389	159
61	167
144	204
370	229
103	214
437	231
92	232
172	236
401	234
113	242
382	240
111	252
190	243
438	253
123	260
375	255
124	250
196	255
451	259
125	263
363	261
144	260
216	263
481	257
127	264
427	271
117	272
206	268
494	273
129	271
415	269
130	275
214	271
512	280
123	267
400	276
140	279
214	280
468	273
140	279
384	273
163	278
215	283
513	271
129	282
270	282
349	280
185	281
505	282
124	288
250	290
283	288
229	288
537	295
139	300
340	299
284	301
219	307
513	300
153	317
248	313
456	312
199	320
487	318
194	335
270	329
494	331
217	343
546	343
179	344
277	353
525	359
226	358
556	368
207	371
302	382
495	387
282	387
582	393
243	398
329	390
535	400
292	411
585	412
262	408
351	412
569	413
288	408
555	386
219	316
257	280
484	298
160	269
426	284
143	270
218	268
454	263
112	258
364	255
125	247
181	242
482	241
101	235
321	232
154	233
159	226
434	223
94	222
297	219
175	217
143	214
452	213
85	212
177	209
339	209
106	204
429	205
85	201
160	202
258	198
135	200
426	197
78	195
219	196
253	192
105	192
418	192
78	191
190	192
281	190
96	192
402	188
77	191
172	191
306	185
88	188
403	186
70	185
150	186
322	184
88	184
411	184
70	182
138	183
343	182
69	182
349	181
69	184
137	178
359	180
70	183
329	180
66	180
132	181
376	181
73	180
304	181
66	178
127	179
384	180
73	180
294	181
91	177
118	180
427	180
70	179
278	182
125	179
112	181
419	179
71	180
251	180
156	182
100	180
401	181
71	180
233	179
188	181
94	178
406	181
70	180
212	177
230	181
94	181
405	179
69	178
187	177
151	180
138	180
430	178
68	178
267	179
140	176
102	180
400	178
67	179
153	178
310	180
68	176
364	176
65	176
136	177
336	177
70	173
399	176
65	176
127	175
346	175
65	172
384	175
65	172
124	175
362	170
64	173
309	173
62	171
125	172
375	172
66	172
289	169
78	170
111	167
381	170
65	168
265	167
65	170
126	167
401	167
65	166
334	169
59	166
128	167
391	165
68	170
316	165
60	167
118	166
410	167
62	167
301	164
64	169
119	170
376	165
65	168
280	165
89	166
106	165
411	166
62	166
165	167
267	165
71	164
393	168
88	162
156	164
201	164
112	163
418	161
58	162
229	162
190	163
81	162
405	160
59	161
118	160
337	161
60	160
333	160
55	157
116	158
352	160
59	156
384	157
54	157
109	156
360	158
58	156
361	158
54	157
119	153
311	157
55	154
357	155
54	155
118	154
328	156
55	154
341	156
53	155
121	156
342	152
55	154
326	157
52	151
103	153
351	156
57	153
305	153
54	153
112	154
414	153
55	152
290	153
73	150
99	154
409	153
57	151
265	150
103	154
87	150
380	151
60	152
243	150
129	152
66	151
397	151
54	150
130	153
301	149
57	152
394	155
53	150
118	155
236	156
95	171
427	202
98	234
227	216
291	225
130	230
458	239
96	233
217	233
339	244
131	242
443	243
99	241
212	250
369	245
142	249
490	254
103	248
201	262
405	257
143	257
488	262
107	261
197	269
430	264
138	266
428	270
123	275
210	268
458	269
139	273
413	276
131	269
207	266
472	277
138	277
393	279
148	273
226	278
499	280
138	278
374	274
193	281
207	278
525	283
119	276
351	286
224	277
201	287
527	281
126	290
332	295
264	288
197	293
521	295
134	294
326	298
315	301
204	293
530	305
139	306
305	305
353	306
209	305
535	306
147	319
287	307
284	313
256	320
572	325
164	332
386	331
295	340
249	340
584	347
180	352
297	363
486	355
245	370
554	373
226	375
314	377
536	380
264	389
604	385
226	401
322	402
569	404
260	407
587	416
237	413
325	410
589	409
261	393
489	327
181	276
249	301
498	273
149	283
393	275
177	268
201	265
482	261
112	253
341	250
133	245
194	242
476	240
97	236
388	230
94	230
166	225
466	222
87	220
362	218
86	218
164	212
465	210
83	211
335	206
96	209
146	205
423	204
84	202
311	200
124	200
127	196
445	198
75	195
172	196
300	194
89	193
428	193
74	190
160	192
226	191
133	190
451	188
72	188
239	187
216	184
103	186
431	187
68	180
132	184
359	184
68	182
348	184
71	183
130	183
375	181
69	181
379	182
67	180
125	180
386	181
69	182
380	181
67	180
134	181
333	179
73	181
373	181
65	180
133	181
351	181
67	181
355	181
77	181
137	182
359	183
66	181
338	183
69	180
134	181
383	179
71	182
322	181
68	181
127	179
435	183
74	181
304	179
92	181
120	180
430	180
71	181
278	178
123	181
99	178
403	181
75	181
261	179
156	179
92	179
423	178
67	179
144	178
327	178
76	180
411	179
68	179
131	178
255	178
106	178
423	178
64	176
198	181
253	176
69	176
393	177
63	176
170	175
286	173
75	175
388	176
64	173
149	172
311	172
72	174
408	174
65	173
135	172
330	170
66	171
398	169
62	170
123	169
340	171
63	168
324	165
59	168
127	167
363	164
62	166
317	164
59	168
122	163
377	165
61	161
295	160
59	164
120	159
387	161
61	160
272	157
95	158
99	157
410	159
62	163
264	166
132	166
91	168
411	165
64	163
241	166
164	167
85	166
400	163
63	166
220	165
197	161
79	164
398	163
61	162
196	164
229	161
71	161
394	161
58	158
175	161
157	161
104	160
426	161
59	159
257	161
141	161
82	158
420	159
57	158
134	160
317	158
55	158
365	160
55	155
118	155
336	155
55	157
402	155
57	155
116	154
352	155
55	153
385	155
55	156
116	155
370	153
55	153
312	152
55	154
113	153
384	151
57	153
292	151
78	151
97	152
386	152
54	145
260	155
54	149
107	151
402	151
57	151
343	151
56	154
122	151
421	150
55	150
322	149
51	151
118	152
427	150
56	151
301	150
61	151
101	153
385	152
58	152
281	155
95	159
92	170
454	213
89	226
203	213
330	224
118	220
472	226
96	232
199	236
269	236
180	245
503	234
95	235
286	238
263	247
145	240
494	247
101	242
174	243
414	248
112	246
415	254
104	251
185	253
443	258
113	251
471	264
106	260
198	266
469	258
119	262
457	260
112	271
204	270
416	272
147	258
469	269
108	260
196	268
424	270
141	273
439	269
116	273
210	269
457	272
142	275
432	270
127	266
214	274
478	277
139	272
412	269
137	280
208	275
532	279
114	266
383	272
163	272
193	273
532	280
122	282
366	282
205	286
195	285
517	289
131	294
357	294
262	303
212	301
559	301
137	312
251	316
457	318
205	329
565	333
152	339
256	340
399	342
252	347
595	355
188	359
352	362
422	365
250	369
605	384
213	377
356	392
489	391
282	399
614	397
240	405
360	409
542	418
296	414
660	412
235	412
337	400
515	340
188	269
547	306
117	274
206	281
448	276
138	270
439	268
114	259
202	258
452	253
120	250
399	243
101	241
182	238
449	235
96	234
357	230
100	229
177	227
457	225
93	221
334	221
132	218
142	216
468	214
84	212
309	211
169	211
133	210
471	210
84	209
285	209
194	207
122	207
446	205
82	204
260	203
227	202
114	203
447	199
80	203
225	201
263	203
108	202
445	203
80	203
209	200
188	203
155	202
478	201
80	204
294	202
174	202
122	202
462	205
79	200
165	201
350	201
86	202
397	201
83	204
152	202
378	204
80	205
431	201
82	204
152	201
394	204
86	204
430	203
80	206
154	206
413	205
81	208
352	203
80	210
154	209
427	208
84	209
335	209
104	210
139	210
427	209
85	211
321	212
96	213
169	209
466	212
86	212
384	209
83	212
163	211
468	214
85	211
367	211
81	211
162	212
472	211
83	211
348	211
86	212
149	212
437	211
88	212
332	212
122	210
143	211
472	210
86	211
204	212
316	207
107	210
454	210
82	209
183	210
239	208
152	212
478	209
81	210
266	209
228	209
121	207
462	208
91	209
156	208
388	208
89	208
383	207
79	204
151	206
399	204
78	204
421	202
80	203
152	202
413	198
77	199
408	200
73	198
145	199
353	200
84	201
388	197
75	198
147	198
368	196
82	198
387	197
73	197
147	195
385	197
76	196
365	196
75	196
141	194
400	198
76	195
345	196
74	197
143	195
461	199
78	195
332	199
92	198
134	197
457	200
80	197
312	199
127	198
126	199
437	202
83	202
293	201
164	201
123	205
459	199
79	203
167	202
349	202
92	203
444	204
81	204
154	204
277	204
128	205
462	204
81	206
230	201
275	202
105	202
440	202
79	201
195	199
303	202
95	200
425	199
80	202
177	200
334	200
88	199
449	199
76	196
157	197
352	197
86	194
435	193
73	192
140	192
368	192
74	193
371	191
71	191
142	188
387	188
70	187
350	186
69	186
137	184
399	186
84	181
334	184
65	180
132	182
415	182
72	181
308	180
94	177
116	179
441	179
67	176
287	178
126	176
102	176
434	176
68	176
259	173
156	175
89	173
411	170
67	172
237	168
189	168
81	171
413	169
62	168
212	170
224	167
76	168
409	165
62	167
184	166
143	164
118	162
436	162
60	161
266	162
130	164
84	161
421	159
57	158
140	159
309	156
56	157
370	154
57	155
120	151
329	152
53	151
400	150
54	153
111	153
345	153
56	152
393	153
53	152
112	153
363	156
54	152
317	156
61	154
113	156
379	153
53	155
292	155
69	154
99	152
385	153
59	156
281	156
53	152
119	154
408	153
69	153
346	154
51	153
121	157
419	153
59	158
332	155
55	157
122	157
433	156
56	154
310	156
55	153
114	158
384	151
57	155
295	155
81	156
101	155
424	157
58	156
168	155
263	154
58	156
405	152
61	156
143	152
183	154
89	155
423	150
53	152
236	152
178	154
71	154
406	148
52	151
115	152
337	151
52	150
344	151
53	152
110	150
353	154
55	153
391	151
54	154
114	152
370	151
52	154
374	152
52	150
114	154
307	150
52	151
367	151
52	152
118	153
330	153
52	153
356	155
53	155
118	154
347	155
53	155
344	156
57	155
114	156
359	156
59	156
326	158
89	151
129	157
436	156
60	159
308	158
67	160
110	159
429	158
61	162
285	157
95	159
95	157
396	154
59	154
262	152
120	152
78	154
410	150
88	148
151	150
307	152
54	148
406	152
60	169
157	219
275	214
143	219
487	231
101	247
268	245
311	249
159	256
498	258
111	263
256	280
356	278
172	288
514	289
130	298
257	295
412	298
187	310
557	318
141	322
259	323
471	344
219	341
584	354
173	360
283	370
527	380
246	387
556	383
230	392
324	391
571	386
253	384
536	375
205	335
236	261
498	296
148	279
422	282
151	289
230	280
502	283
139	277
399	277
169	271
199	265
523	262
108	256
349	251
179	243
163	237
499	235
98	229
305	222
188	216
124	212
446	208
82	204
270	203
209	197
112	194
438	194
75	192
235	188
230	185
93	186
425	180
69	177
199	176
140	175
129	169
438	170
61	169
278	166
123	164
86	163
430	165
58	158
144	158
306	160
56	155
374	156
56	157
125	152
323	154
54	154
407	152
54	152
114	152
339	150
56	150
386	151
80	151
129	152
367	154
54	152
319	152
53	152
118	153
376	153
57	153
306	152
59	152
110	156
386	153
59	156
289	156
54	155
120	157
402	153
62	154
339	154
55	155
118	156
413	153
57	155
341	155
55	155
118	153
425	153
55	154
318	154
53	154
115	153
378	152
56	153
298	150
71	151
99	153
420	152
55	152
174	151
255	156
68	176
439	229
91	228
212	237
258	260
199	262
531	261
111	269
334	280
267	278
196	293
547	303
137	312
245	324
477	330
198	336
515	341
189	346
274	352
521	360
218	364
577	368
193	376
299	388
566	386
247	396
596	394
210	388
312	384
490	345
194	261
515	293
127	270
214	273
431	277
154	270
468	270
111	263
195	260
426	257
119	251
421	244
102	243
177	234
419	230
95	225
382	221
82	214
165	211
477	206
80	200
348	196
75	195
134	192
452	188
72	187
314	184
97	185
114	182
404	178
67	177
288	177
120	173
98	172
436	166
60	166
151	161
300	161
60	154
405	151
50	148
123	148
208	142
81	140
411	142
47	141
205	146
203	143
53	145
394	153
52	150
179	153
238	150
60	155
391	152
55	152
158	154
276	155
57	153
412	152
56	154
141	154
307	156
61	157
407	158
59	157
128	162
330	164
63	169
362	172
79	195
180	251
417	250
127	268
444	287
132	291
233	298
494	306
178	324
474	328
191	338
283	345
558	354
217	371
492	373
240	380
308	388
638	386
210	381
468	374
249	340
214	256
549	288
112	267
350	265
211	268
183	262
496	257
107	251
314	246
223	239
150	230
472	225
91	220
270	215
232	207
115	204
451	201
102	197
240	192
136	184
148	183
455	178
68	177
296	176
109	172
105	173
436	167
61	169
159	166
290	163
59	163
384	161
58	160
140	162
313	159
56	159
432	158
55	155
120	154
329	153
55	151
396	149
51	148
112	148
345	151
54	147
332	145
47	147
116	149
366	148
53	150
317	152
51	149
114	150
379	154
57	157
304	169
76	201
176	250
464	243
120	274
450	288
128	300
231	309
553	328
174	342
500	347
187	357
293	371
620	383
216	378
512	365
177	299
234	265
492	280
130	250
400	255
115	245
179	238
501	231
95	223
243	220
275	207
108	200
448	191
71	186
187	178
168	176
127	170
447	163
61	161
259	160
139	156
78	153
412	152
56	150
117	149
305	148
50	146
363	150
53	145
114	149
331	148
53	150
400	147
51	150
115	149
353	159
59	161
420	207
105	256
197	265
395	289
192	307
539	332
172	350
275	363
487	371
235	362
568	369
181	330
240	255
435	272
140	242
437	229
88	222
160	210
384	198
73	188
366	183
62	173
128	169
426	164
60	158
327	157
53	152
114	152
409	147
51	147
305	147
52	143
102	147
375	145
55	146
289	152
84	156
114	179
480	243
106	251
251	276
387	311
202	317
566	339
159	350
300	370
380	380
297	366
603	351
126	260
320	267
271	250
146	227
483	220
83	208
241	193
241	185
86	179
424	170
62	165
188	162
251	157
63	154
405	150
53	151
154	147
271	147
52	145
401	145
54	147
136	150
305	154
67	176
413	228
104	255
202	274
443	295
177	309
506	332
182	352
285	353
536	370
234	372
531	360
207	342
237	256
478	272
102	247
388	228
95	225
156	207
463	198
74	188
326	181
71	174
120	169
436	163
60	159
287	157
87	153
93	151
386	146
57	149
261	143
112	146
76	146
367	147
92	148
263	152
160	169
110	216
460	247
111	262
322	292
201	313
274	331
605	352
183	351
473	369
236	363
299	379
623	369
173	315
281	253
363	274
153	238
469	233
88	223
198	210
321	202
88	190
439	181
69	175
146	169
317	163
62	161
408	158
54	155
120	150
326	148
51	148
349	146
49	145
114	146
342	146
51	150
335	155
88	172
165	214
441	259
112	264
423	294
157	318
257	334
544	347
205	363
556	367
197	376
299	373
586	360
180	287
471	258
113	268
188	237
481	233
87	219
387	206
75	198
142	187
374	181
75	174
349	168
58	165
124	160
427	154
57	155
220	148
187	152
61	148
397	145
54	148
194	145
101	150
113	153
428	151
63	163
303	194
176	249
169	256
529	288
134	314
272	327
436	344
223	353
566	363
203	371
317	375
504	359
207	288
532	258
113	269
189	236
404	231
109	219
449	206
74	196
138	188
280	179
92	174
423	170
99	162
141	158
289	157
64	151
387	149
49	147
147	150
293	147
51	145
371	147
53	148
129	153
319	155
64	173
405	234
101	252
194	275
514	304
145	313
487	348
174	357
288	370
607	372
207	372
505	359
160	275
230	266
481	261
110	231
375	225
88	210
151	198
459	189
69	179
210	174
240	167
67	162
403	159
55	155
167	152
141	153
103	148
427	147
53	148
250	146
126	144
74	153
412	152
64	165
266	210
237	259
157	258
517	297
135	312
337	330
357	346
248	361
605	367
194	375
366	375
419	355
218	297
532	257
114	266
228	232
338	229
118	216
441	204
75	194
138	184
328	179
71	170
385	167
55	157
136	158
325	154
51	151
350	146
54	146
115	148
334	145
53	149
341	146
52	151
120	155
432	181
103	243
394	241
113	270
220	298
554	318
155	334
457	347
204	362
288	370
565	369
213	378
483	374
250	343
232	266
509	269
115	258
341	236
175	237
151	221
456	211
80	200
282	191
88	185
148	176
441	170
63	165
328	161
55	157
119	153
422	150
56	150
204	145
208	147
49	147
396	145
53	148
182	148
238	152
65	165
437	212
103	248
238	261
377	287
187	306
556	328
149	335
280	342
465	355
236	371
566	375
203	369
307	377
523	366
215	314
484	255
129	274
200	244
424	240
111	235
407	225
85	217
157	207
397	198
72	188
411	183
65	175
128	170
383	165
82	158
382	157
55	155
117	151
383	148
52	150
365	147
50	145
109	144
325	148
52	146
352	150
56	161
137	182
471	249
101	244
330	272
252	299
211	313
547	324
155	329
380	358
243	358
314	363
640	386
213	378
492	380
241	366
256	288
545	263
117	269
253	240
323	243
140	234
463	225
89	217
200	208
315	197
90	190
434	181
65	175
142	171
313	163
63	162
409	155
53	152
110	151
217	149
81	149
413	147
50	144
109	148
243	147
70	147
399	151
56	157
191	172
293	215
126	247
477	262
125	290
261	304
417	316
191	325
551	337
182	357
282	364
582	379
220	376
556	378
206	374
276	320
524	254
136	278
437	248
97	243
182	240
417	231
97	223
386	211
76	203
145	193
446	186
68	176
241	173
189	164
72	162
402	156
58	152
205	154
93	152
114	147
422	145
52	147
279	142
88	145
85	145
411	148
59	154
273	173
168	240
141	237
489	266
130	289
354	303
287	318
226	325
563	332
171	353
378	358
369	368
265	368
611	376
203	377
384	381
421	370
250	336
534	255
123	279
196	253
359	247
135	246
468	235
93	231
206	223
341	218
106	207
426	201
76	194
157	186
336	182
69	174
377	167
57	162
123	160
410	157
60	154
346	150
51	149
116	147
410	146
51	144
331	146
51	146
115	148
361	148
85	155
344	179
95	236
181	245
465	266
129	288
408	299
172	301
240	328
543	336
182	347
445	363
236	377
321	379
615	374
235	375
531	366
191	334
228	254
535	281
111	250
315	250
241	248
158	241
491	231
96	227
270	220
241	207
113	197
441	191
72	183
211	177
243	172
72	164
409	161
78	158
180	152
262	151
58	149
381	149
49	146
109	144
293	145
52	145
372	147
49	146
137	156
324	172
102	240
426	233
137	261
228	288
457	297
178	316
553	329
153	340
256	344
506	353
211	375
573	370
192	377
297	381
566	374
227	363
542	308
120	257
214	277
395	247
148	250
467	245
93	234
174	227
455	219
86	212
315	202
129	198
112	187
416	183
72	177
270	170
78	166
133	160
426	158
59	155
329	151
49	147
115	147
415	145
56	149
211	144
188	145
60	148
397	150
59	154
207	179
276	245
130	244
492	255
119	281
265	288
377	307
197	316
563	333
150	337
295	353
358	360
297	374
637	381
209	379
323	385
422	382
304	377
625	359
142	263
321	283
317	270
174	258
511	260
137	250
267	242
321	234
135	224
462	216
80	207
149	198
405	194
71	188
403	183
64	174
126	170
395	165
57	159
375	158
56	154
112	153
316	149
53	148
358	146
48	145
111	144
406	146
55	149
255	148
130	153
79	155
416	192
108	248
300	240
152	256
227	273
540	287
136	303
433	319
170	322
248	335
594	347
176	350
448	368
247	370
281	369
621	384
217	397
462	386
314	394
293	369
565	296
137	269
358	282
238	253
179	260
499	252
102	244
294	237
237	228
135	220
474	214
80	207
154	202
276	195
115	188
446	188
67	178
202	177
258	170
73	168
400	166
57	159
164	158
277	154
55	153
382	151
51	149
113	147
379	147
50	143
352	146
46	143
114	147
389	148
54	151
360	158
77	203
173	244
408	231
127	270
437	274
126	288
229	299
490	307
181	331
473	331
194	357
285	355
561	371
260	372
510	382
243	388
326	387
601	375
206	334
489	256
130	288
207	260
498	261
110	256
343	244
184	239
157	227
491	223
86	213
290	204
184	203
111	193
431	191
74	185
247	177
199	172
87	170
414	162
71	159
214	157
213	155
65	155
398	147
52	147
110	148
263	147
64	145
386	145
47	145
157	150
272	149
56	156
398	185
139	245
217	230
391	260
148	271
510	279
126	296
233	302
452	307
195	332
565	337
160	342
269	358
521	362
233	371
593	375
196	376
299	388
475	379
282	391
617	391
210	373
277	327
498	259
149	287
401	256
129	259
192	255
469	242
99	237
347	229
107	223
176	215
459	209
81	200
386	197
72	191
140	186
435	181
69	176
262	173
160	169
88	164
427	162
61	161
228	155
171	153
61	150
395	149
51	146
202	147
207	147
60	146
396	145
52	145
180	148
128	151
110	150
434	163
87	211
224	251
231	234
190	258
537	276
116	276
351	297
275	300
212	312
570	332
154	328
365	347
350	348
248	354
600	361
184	367
285	365
533	368
237	385
605	387
208	388
310	392
566	392
250	389
595	381
174	340
225	257
415	288
168	262
490	260
107	262
191	253
475	250
103	242
350	235
141	229
155	224
445	216
84	208
308	205
94	198
162	196
449	188
107	186
375	182
67	177
130	175
433	171
61	167
327	165
58	165
122	157
420	161
57	156
305	155
64	153
102	156
385	149
55	149
280	148
91	148
87	149
385	147
55	150
262	147
120	147
72	150
412	152
54	152
140	156
205	165
118	191
492	254
96	234
299	259
281	268
181	282
530	291
133	304
318	315
364	328
245	340
585	352
178	358
283	367
552	380
229	382
590	387
209	393
307	384
579	380
209	332
506	262
132	294
210	266
420	273
159	269
470	262
106	256
196	246
412	241
83	227
411	220
84	213
160	207
393	203
112	194
385	190
69	184
131	177
381	173
61	169
395	164
58	162
116	155
382	157
54	152
300	151
67	149
98	149
415	146
107	147
304	147
93	147
80	144
382	147
56	146
262	153
132	170
115	212
456	236
96	231
319	266
250	271
187	284
538	293
136	309
250	330
384	342
262	348
602	358
182	360
377	378
412	376
263	383
617	393
215	387
367	382
448	354
202	262
548	290
116	272
235	264
383	265
145	250
501	250
96	235
193	229
372	221
109	214
463	209
96	203
159	199
267	192
117	187
445	183
64	177
126	174
361	167
61	164
338	159
54	157
123	155
369	150
52	147
318	151
50	146
109	144
371	143
51	142
367	142
47	141
114	154
421	203
98	226
322	220
150	250
164	247
512	261
115	269
352	279
234	288
214	311
543	316
157	333
380	337
316	340
250	348
585	355
192	365
401	378
270	375
327	386
648	388
226	404
406	397
316	375
292	308
576	271
141	288
372	262
201	271
195	269
527	259
111	261
330	253
211	248
163	243
495	234
91	228
184	220
359	212
76	208
442	200
74	195
141	186
355	181
72	176
413	173
60	166
121	164
267	159
79	156
404	154
52	150
113	152
358	146
51	146
313	142
49	145
107	142
364	146
50	143
295	148
55	157
147	208
450	233
97	233
427	241
105	258
196	260
513	284
125	286
450	293
136	310
246	321
563	330
176	332
485	349
189	345
288	360
554	364
227	382
516	390
250	403
327	399
596	376
181	279
432	300
192	289
215	275
543	284
117	270
257	269
241	262
204	255
521	248
98	238
319	233
194	222
139	216
465	210
81	203
268	197
199	190
95	185
437	180
65	176
130	172
344	168
59	163
410	161
56	159
116	156
352	154
55	149
393	152
51	148
110	145
275	146
37	147
381	146
46	141
144	146
290	144
57	153
376	154
63	175
180	236
382	233
118	238
444	255
115	269
211	283
448	288
167	307
536	312
140	325
251	340
516	350
239	364
513	373
220	382
315	383
637	388
222	388
513	388
237	374
253	275
523	285
153	290
397	268
174	278
200	264
492	261
109	253
346	243
168	234
154	226
479	218
116	212
204	203
229	199
141	193
467	187
67	181
254	178
185	170
88	170
428	166
61	160
217	160
205	155
68	155
401	153
55	150
185	149
232	148
54	147
402	144
57	145
161	146
261	144
54	147
404	150
55	157
161	191
245	243
162	227
513	256
114	268
215	274
433	295
175	303
499	316
158	326
261	331
505	347
216	358
542	377
221	373
308	375
557	386
241	386
595	389
191	365
236	268
498	291
148	280
416	269
138	272
201	260
522	256
106	250
360	239
132	229
159	223
452	212
81	208
306	196
144	191
121	187
424	180
79	176
267	170
68	168
133	168
428	160
61	161
233	158
67	157
125	154
432	155
58	153
308	152
56	150
105	148
418	152
57	148
284	149
106	149
103	149
423	149
56	150
164	151
263	151
57	153
405	152
54	153
142	152
297	157
60	155
407	156
59	161
137	175
256	209
161	253
503	254
116	275
214	297
460	304
171	311
486	330
177	345
277	352
534	359
234	384
528	382
240	385
325	384
578	363
178	276
498	269
116	275
192	249
473	255
102	243
432	239
90	230
169	223
454	217
90	210
379	201
76	194
141	188
371	184
68	178
351	171
58	165
127	165
368	158
56	154
326	154
51	150
115	152
423	147
55	147
206	144
80	150
114	145
423	148
60	145
283	151
91	161
119	206
486	250
100	238
349	274
215	280
204	298
560	313
143	327
272	327
461	351
226	352
598	365
190	376
305	382
523	387
259	383
606	377
185	360
234	266
363	274
185	269
507	249
104	253
251	242
323	234
131	227
459	218
82	212
199	205
322	200
93	193
415	186
69	183
152	179
321	173
54	169
417	164
58	161
126	158
331	156
58	154
357	150
50	152
113	148
407	149
51	146
334	148
49	148
113	148
357	146
50	146
321	153
58	164
136	184
436	251
119	245
394	271
155	291
222	301
564	320
150	334
321	339
295	354
302	362
639	381
212	381
459	383
320	383
288	368
590	307
124	256
342	279
237	246
168	250
487	244
100	233
279	227
240	218
120	212
450	205
79	197
225	191
245	186
88	176
426	172
63	167
183	163
146	162
117	158
437	155
56	154
152	152
281	149
57	151
376	148
60	147
136	147
309	147
51	146
352	146
55	149
122	154
340	174
98	234
469	247
114	270
213	289
470	310
179	325
489	335
185	347
285	354
613	376
209	377
509	380
223	377
303	366
543	308
149	260
413	277
136	240
185	245
464	234
97	227
331	216
94	208
159	198
444	192
73	183
279	177
67	170
130	168
423	161
60	156
332	154
52	153
117	150
417	147
53	148
313	145
50	146
107	146
416	145
54	149
199	152
220	158
81	186
459	247
100	241
262	278
358	296
189	315
558	329
152	339
295	346
350	363
299	370
640	383
210	389
321	379
495	349
182	258
493	277
112	253
197	240
410	243
112	226
414	221
80	210
150	199
381	193
69	183
413	177
63	172
122	169
368	161
57	159
392	157
57	155
114	151
370	150
50	148
371	146
54	145
114	148
311	145
52	146
362	153
56	159
147	200
398	244
116	246
441	279
127	291
228	303
545	310
155	315
368	310
195	302
261	308
560	292
142	296
418	276
129	264
191	244
503	234
86	214
332	200
89	187
117	170
436	163
59	158
176	154
260	158
95	152
443	158
53	155
155	171
297	171
71	174
423	182
72	186
158	191
239	196
134	193
467	198
84	206
254	203
243	212
119	211
459	216
88	220
246	224
294	225
133	229
471	232
120	229
241	239
338	241
137	243
495	249
106	250
217	248
376	252
143	252
470	256
103	256
193	260
486	260
108	263
446	264
107	263
198	260
432	268
132	272
434	264
112	269
212	275
454	270
150	274
436	273
132	276
219	274
531	279
124	283
317	282
183	279
239	285
548	283
126	281
398	290
176	292
215	289
545	295
150	296
385	295
218	298
208	297
527	308
142	304
370	303
256	299
209	300
537	304
137	299
351	301
289	308
212	307
543	302
137	298
329	303
215	310
263	304
571	306
167	306
320	300
368	307
204	298
522	298
130	300
281	302
396	307
195	297
529	307
140	299
262	302
422	302
189	301
550	305
130	303
245	310
446	303
185	309
501	301
144	302
243	308
535	306
147	309
462	306
147	315
243	310
491	310
175	309
466	309
161	308
253	313
514	313
181	319
457	318
184	320
261	315
538	322
171	313
437	322
189	321
262	323
540	321
167	323
496	322
158	317
256	327
565	328
176	334
492	332
182	344
274	340
585	338
185	347
393	341
340	358
250	340
589	353
187	361
378	358
372	354
251	361
597	367
189	371
364	372
314	374
323	380
649	380
222	386
361	382
479	390
280	401
615	396
228	398
362	407
528	409
295	416
622	418
262	424
365	421
569	425
277	426
669	423
239	429
336	415
542	361
193	275
550	311
124	283
217	285
470	287
149	274
496	275
117	269
200	261
378	257
157	255
482	251
100	245
210	244
379	238
127	236
432	233
90	229
170	226
457	224
93	223
323	218
104	217
177	216
469	213
86	211
385	210
79	205
155	206
465	203
78	203
360	201
75	201
143	200
459	198
74	197
241	199
238	195
97	195
442	193
76	192
214	194
269	193
97	193
441	190
75	191
187	188
191	192
141	190
468	187
73	189
272	189
174	190
107	189
437	189
76	191
255	190
208	189
101	191
445	190
76	190
229	190
243	190
97	191
442	193
74	191
209	194
278	192
90	194
427	194
74	195
143	194
403	193
89	194
403	195
75	191
142	193
343	194
82	193
404	191
68	187
152	190
356	189
79	190
382	189
69	188
141	188
438	186
74	185
273	186
83	184
149	185
449	184
111	181
361	184
68	182
136	182
457	182
71	184
325	180
74	183
126	182
409	182
70	180
308	182
100	179
117	185
413	181
73	185
285	182
138	180
105	184
412	178
72	183
268	176
82	180
144	181
447	179
70	177
241	178
199	178
90	178
431	175
65	177
222	177
234	175
85	176
421	173
69	176
193	173
265	175
73	172
419	174
97	175
186	171
301	174
71	172
393	171
64	174
126	170
402	171
62	171
381	172
59	169
130	172
346	170
60	169
365	168
61	168
129	170
355	168
61	168
350	167
91	166
145	168
374	166
64	166
327	165
58	167
125	163
387	165
62	163
383	164
59	164
124	164
400	162
60	164
370	164
64	165
122	160
410	164
64	161
268	162
145	162
96	162
401	160
60	160
249	161
153	163
78	160
402	160
61	161
228	158
77	161
130	160
434	157
60	159
205	157
219	159
66	159
400	157
56	158
186	157
249	156
59	159
387	157
57	156
155	158
282	157
59	154
412	157
58	157
141	158
311	157
59	155
408	153
57	156
122	153
327	153
58	154
403	157
63	156
111	156
243	153
65	152
400	153
57	156
177	154
261	153
57	153
392	154
53	153
115	154
377	152
57	154
305	152
53	151
115	153
391	151
62	153
359	152
52	152
115	152
405	154
87	151
355	152
55	153
114	155
415	152
58	152
245	153
151	157
74	154
397	153
58	151
224	153
184	150
67	155
398	153
58	155
200	152
101	155
112	158
432	161
73	182
325	228
144	222
141	214
491	236
96	229
322	236
193	235
154	236
503	244
99	238
305	245
232	243
155	249
490	251
109	253
292	255
275	250
146	257
478	252
107	257
190	261
437	262
128	260
485	257
112	272
195	260
379	276
170	262
503	275
112	272
237	268
395	279
161	274
494	283
120	281
213	281
500	280
165	279
388	275
161	283
241	291
526	285
131	278
458	289
120	275
218	280
525	275
125	286
435	291
132	285
225	290
488	291
153	298
431	295
155	299
230	296
510	295
156	298
408	294
170	304
220	306
515	298
145	297
400	307
180	304
258	304
557	306
158	301
387	312
267	315
228	314
575	322
147	316
374	328
309	327
226	318
578	335
183	339
368	333
349	332
237	346
583	348
169	351
356	359
407	359
260	374
600	368
202	377
301	379
570	386
244	384
602	402
220	396
324	406
526	410
296	417
619	414
250	419
357	419
557	420
292	414
594	399
221	343
257	276
483	307
169	274
476	286
141	279
217	272
456	267
134	264
486	259
105	253
186	249
447	244
105	240
442	237
112	235
180	233
450	227
90	223
347	220
113	222
150	216
444	215
84	210
319	213
142	210
134	204
444	207
84	202
295	204
96	199
163	200
461	197
79	195
266	195
194	195
109	193
430	190
70	190
248	191
230	190
98	188
439	187
74	184
215	189
259	186
88	184
431	184
71	184
187	185
286	180
79	181
423	182
70	182
161	182
311	179
103	182
418	177
70	182
146	180
234	176
119	180
448	179
67	178
225	177
229	180
87	176
427	178
67	178
132	179
375	178
65	180
346	177
82	178
140	179
390	179
68	180
391	177
66	179
132	178
402	178
69	179
388	179
65	178
134	180
415	176
72	180
292	177
120	180
107	178
415	180
74	179
269	178
148	177
95	180
419	181
68	177
252	179
87	180
147	179
450	180
71	181
331	180
69	179
122	177
447	181
68	178
309	178
95	177
119	180
446	177
71	179
286	177
126	178
99	174
412	179
69	177
261	175
155	177
83	174
426	178
66	174
141	176
333	173
71	176
414	171
68	175
125	171
259	174
96	173
427	173
66	175
194	170
260	173
67	166
398	171
63	171
123	169
380	172
65	171
323	171
59	165
127	170
402	171
64	169
381	171
64	170
126	168
410	168
60	169
365	167
59	167
125	167
354	167
59	166
350	165
87	167
135	165
373	165
64	168
335	166
58	165
130	166
383	165
63	165
311	161
59	164
125	164
399	163
64	165
293	161
90	162
102	163
431	164
58	160
279	164
139	164
96	163
431	162
95	164
281	158
165	161
88	160
412	162
61	160
230	159
184	161
73	161
410	158
57	161
120	159
344	159
60	159
396	159
57	158
120	160
272	157
66	157
390	159
56	157
162	158
283	158
58	155
385	159
56	157
141	158
310	156
57	157
373	156
56	156
128	159
330	154
55	156
409	155
56	155
119	156
337	155
88	154
386	155
57	156
115	154
361	152
57	157
324	154
54	154
118	154
379	154
54	152
306	155
61	153
100	152
384	153
61	153
285	153
87	152
128	155
407	152
61	154
265	151
116	150
80	156
416	150
54	152
248	153
150	151
73	151
409	153
57	151
224	151
183	154
67	151
396	153
56	153
202	152
215	153
60	153
399	153
55	152
172	152
246	154
57	153
409	158
57	156
159	160
181	163
136	210
486	231
88	218
298	233
218	216
141	230
488	232
97	240
184	237
399	242
114	232
430	240
133	242
199	247
434	248
125	254
481	254
102	250
185	247
449	254
122	258
471	264
105	258
196	262
474	269
118	265
387	263
147	275
198	267
488	274
117	269
371	269
183	275
196	273
502	276
120	271
355	278
157	272
237	282
535	276
128	281
427	278
128	283
216	270
531	281
125	281
410	280
135	282
214	280
544	293
127	284
398	292
173	287
212	291
514	293
140	295
385	291
217	293
215	298
550	298
130	302
255	294
415	305
192	306
544	299
133	308
246	307
343	311
235	305
569	309
143	316
338	313
350	329
219	318
560	328
154	330
250	327
507	341
200	344
498	340
207	359
293	358
560	370
217	357
573	372
194	369
296	379
588	387
234	393
576	388
222	398
325	401
549	406
273	410
592	414
248	413
345	413
581	416
282	407
571	386
191	295
256	288
501	299
162	274
444	282
140	276
216	269
476	264
131	257
406	254
126	251
190	245
505	241
119	237
364	236
138	229
162	228
488	225
94	223
320	220
157	216
139	215
451	214
87	210
294	210
183	207
122	203
463	203
80	203
165	200
356	198
90	199
439	196
73	194
144	196
272	191
117	193
444	190
73	190
209	187
272	190
89	185
421	188
90	186
191	184
304	182
81	183
411	184
70	182
160	183
324	182
69	182
427	181
75	180
146	180
346	180
71	177
418	178
67	180
130	178
361	178
65	177
356	178
63	176
136	182
379	176
66	178
336	177
66	179
135	179
397	177
68	177
325	180
83	175
143	178
417	180
69	177
303	178
100	179
109	177
440	180
67	176
283	176
131	180
102	178
436	177
68	174
263	180
165	179
93	179
419	178
66	176
233	180
197	179
85	181
423	176
67	180
219	180
239	178
85	178
428	177
69	178
193	177
159	179
135	178
454	177
66	176
267	178
141	177
96	177
416	175
69	178
148	175
323	177
67	175
381	174
64	171
134	176
347	177
63	172
416	174
63	173
126	174
362	173
65	171
405	172
62	171
125	173
379	170
82	172
341	172
61	172
123	172
391	173
65	170
310	169
74	169
112	168
400	168
64	168
292	169
58	167
131	168
420	167
66	167
358	169
58	163
131	169
422	167
66	166
341	167
59	166
124	165
430	165
62	165
316	164
60	166
117	162
393	165
61	164
300	165
81	161
108	164
428	162
62	165
173	160
268	165
65	162
393	163
62	162
152	160
186	161
99	160
431	162
55	157
241	161
176	161
78	163
417	158
57	159
123	161
341	160
56	159
355	158
57	159
119	161
353	158
59	161
403	158
60	161
115	157
357	157
54	157
389	160
56	158
119	156
311	158
58	158
377	155
56	158
119	160
328	156
58	156
364	157
54	156
121	158
346	160
66	156
344	155
56	159
114	154
358	156
52	155
328	155
52	156
120	156
428	153
57	155
312	156
58	153
110	154
427	151
58	156
290	154
86	154
96	152
394	155
63	154
276	155
116	154
80	153
419	153
56	153
143	151
298	150
58	152
409	154
54	153
125	151
221	154
90	150
390	151
53	151
207	155
217	149
64	152
398	152
53	152
178	151
239	149
54	152
391	152
58	153
155	153
280	153
57	153
408	152
54	151
139	157
311	158
61	164
422	191
99	241
171	214
391	229
105	227
415	228
89	227
172	228
395	232
103	235
403	243
99	244
184	236
445	244
111	249
394	249
114	248
200	257
469	256
109	251
382	260
138	259
191	263
519	264
110	263
366	262
178	268
186	265
524	271
175	274
369	273
231	274
195	274
514	278
118	274
334	279
260	279
186	274
517	277
121	278
318	286
297	276
184	281
523	280
123	285
289	288
219	285
224	277
545	284
126	294
371	282
216	292
209	289
548	292
128	298
247	287
407	290
181	299
506	295
141	298
244	296
443	299
178	300
542	302
131	304
229	308
451	304
181	309
541	320
139	319
234	316
489	325
189	333
483	330
184	337
276	341
543	345
198	335
482	351
210	356
289	356
572	362
213	364
481	373
238	375
319	377
639	380
248	386
568	395
229	396
324	402
632	407
243	403
559	409
253	418
345	408
656	411
253	412
542	398
220	342
254	271
520	304
150	275
415	280
150	278
202	267
526	264
111	258
264	253
323	249
149	248
494	243
96	240
222	234
228	230
179	231
496	226
91	223
299	220
207	221
134	216
473	216
83	211
167	210
370	209
87	208
400	206
80	204
148	202
377	202
80	200
430	198
76	197
143	198
394	196
76	194
417	193
74	194
144	192
325	192
89	191
411	188
71	189
138	190
342	189
76	186
385	189
72	187
146	188
356	185
76	186
372	184
72	186
137	185
375	188
70	186
357	186
68	186
143	187
451	187
74	187
342	187
69	185
135	188
453	189
74	188
320	189
88	187
121	186
412	190
71	184
300	185
115	186
112	182
452	187
73	184
174	184
310	185
84	183
435	184
104	183
174	184
242	184
131	184
463	185
70	178
238	183
218	184
91	183
434	182
72	181
211	182
256	179
87	178
423	181
69	180
182	178
286	180
77	180
424	179
69	179
161	179
316	178
77	181
422	180
65	182
145	176
336	182
70	180
371	180
91	179
150	178
370	177
68	178
360	178
64	176
135	179
376	178
65	176
341	177
65	176
128	177
392	178
64	176
314	176
67	176
119	175
446	174
66	178
294	175
95	177
114	174
442	175
70	176
284	176
122	172
101	177
415	176
70	178
265	177
157	175
96	178
416	176
68	175
244	176
191	175
86	178
420	175
69	175
222	176
111	174
136	173
450	173
75	172
306	174
104	171
104	171
439	172
65	171
166	170
292	170
65	167
388	168
64	171
144	170
313	167
61	165
407	167
63	166
131	166
333	164
63	164
408	165
59	163
121	164
354	162
56	160
343	160
56	160
126	162
370	159
58	162
325	157
54	159
120	160
424	157
60	157
303	157
72	156
127	159
391	157
56	155
364	155
53	154
119	154
408	153
60	156
348	155
52	153
117	152
416	154
57	154
333	155
52	152
119	154
377	150
55	153
310	151
70	152
114	152
427	151
51	149
195	151
227	151
58	150
398	148
55	149
169	154
147	149
105	150
425	150
55	149
253	151
133	149
70	149
418	150
52	150
124	151
304	149
55	153
361	148
55	155
113	150
336	154
56	154
404	157
56	162
142	199
405	230
87	209
438	222
90	228
173	233
353	233
134	239
457	240
95	238
183	248
380	242
137	253
463	254
104	256
205	249
413	253
137	255
444	263
111	265
202	272
437	263
139	273
441	272
128	283
228	293
546	296
146	302
433	300
153	309
241	313
566	317
148	313
439	324
186	327
254	326
544	333
178	327
434	333
236	333
260	345
604	348
193	345
324	348
451	351
243	350
569	352
171	351
293	359
373	370
283	358
625	366
196	364
400	365
379	372
275	379
625	383
212	379
394	391
430	384
286	392
627	394
228	397
380	396
478	401
291	405
662	402
220	410
359	408
505	401
278	390
619	367
136	271
249	296
432	283
168	277
491	291
128	281
220	284
444	281
150	276
459	276
121	271
210	269
451	265
132	264
417	259
119	261
196	254
442	255
120	250
388	251
108	246
182	245
502	240
100	239
362	236
127	235
165	234
497	232
97	230
333	228
157	222
151	224
460	221
91	218
297	217
181	218
126	215
445	210
83	210
274	210
209	207
120	209
450	204
80	203
248	202
124	199
161	198
475	198
79	195
317	195
109	192
120	192
454	190
73	189
185	189
291	187
81	182
407	184
68	181
157	182
318	179
70	179
426	179
68	179
141	176
342	176
70	176
416	173
66	175
127	173
358	172
66	173
352	170
61	171
122	168
371	168
63	168
329	164
58	166
124	167
382	165
63	164
313	164
58	162
123	163
397	160
63	162
368	160
57	164
123	164
409	160
59	157
354	160
57	158
122	159
418	161
59	156
329	158
59	159
117	155
366	157
58	158
319	154
52	156
117	159
427	152
57	153
200	152
221	156
63	154
396	153
57	155
176	156
139	151
112	154
427	150
57	152
247	151
125	152
71	152
412	152
52	151
130	151
308	151
55	151
363	149
54	151
120	154
332	150
53	155
399	148
52	151
109	148
346	152
96	151
418	152
55	149
117	152
279	151
62	151
384	153
55	154
115	152
308	157
64	163
399	200
95	236
177	208
385	234
117	237
429	231
101	248
173	231
403	246
110	243
413	246
102	251
191	252
498	251
115	265
409	263
116	266
203	265
527	270
116	269
393	268
143	286
209	276
505	293
186	296
417	296
208	305
238	318
572	315
149	322
291	324
410	324
214	339
566	339
157	345
289	349
361	354
282	350
617	353
184	350
397	362
369	367
267	363
612	365
196	361
377	373
406	367
261	368
608	376
201	372
357	378
443	371
264	381
614	384
202	386
344	391
494	395
282	399
634	390
218	404
337	397
532	405
281	412
606	408
245	402
337	406
557	392
251	362
494	271
160	300
240	290
472	280
168	293
437	286
142	286
223	283
481	283
144	279
420	277
134	274
210	269
530	269
113	265
382	260
146	261
188	255
511	252
106	249
348	244
165	242
160	239
471	236
105	231
321	232
193	227
145	223
464	221
91	220
283	215
214	216
127	212
453	211
83	206
253	204
122	202
165	199
471	196
76	195
318	194
103	192
110	192
442	188
75	190
189	187
299	189
88	186
416	186
69	183
163	183
319	182
76	181
430	181
67	177
145	182
337	177
72	178
417	177
66	178
126	174
357	175
66	175
351	173
63	173
129	170
369	170
65	170
336	168
60	169
130	174
386	165
63	169
316	165
59	169
126	165
398	163
60	164
374	167
60	164
121	162
405	163
61	161
361	163
56	160
122	162
400	161
59	162
341	159
55	160
121	158
371	160
61	159
321	159
54	157
117	156
427	157
58	158
207	157
218	155
61	154
402	155
58	155
181	155
131	155
100	155
431	154
56	155
262	152
127	154
80	155
418	155
57	152
137	153
305	151
53	154
366	151
54	150
119	154
328	151
54	151
399	152
53	151
113	152
346	152
54	151
391	153
51	150
111	152
278	151
61	152
383	151
53	153
111	148
299	150
54	152
370	150
52	152
131	152
319	152
52	151
363	156
54	153
106	154
324	156
59	158
354	163
62	174
160	226
475	230
96	232
385	229
94	234
181	237
497	239
100	242
380	254
113	248
188	255
474	254
114	266
378	272
172	275
196	273
544	285
123	290
265	293
390	304
201	312
556	317
144	326
276	333
344	332
270	342
610	355
182	357
396	362
365	365
266	365
611	368
198	373
377	366
413	381
268	376
612	379
206	376
365	380
455	381
275	388
627	385
210	390
347	391
496	394
280	393
631	399
216	399
333	395
528	403
273	397
596	397
236	396
334	405
558	397
237	390
552	383
202	343
242	262
484	298
159	275
450	282
144	285
224	281
479	279
145	282
423	276
133	272
210	272
525	268
114	268
382	262
147	263
186	258
515	256
110	254
352	252
171	247
171	245
475	241
102	240
317	231
194	229
144	220
457	214
88	214
277	207
207	204
120	204
442	195
77	195
240	194
112	191
148	188
456	186
70	184
308	179
100	179
107	179
440	176
68	177
175	172
286	175
71	170
399	175
63	170
152	172
314	169
63	170
418	171
62	168
135	172
330	167
64	169
399	170
59	163
124	167
350	164
60	163
349	163
57	164
126	163
369	161
61	161
328	158
57	165
123	157
384	161
58	159
309	156
55	159
119	159
388	160
60	157
357	158
53	157
121	158
403	157
60	155
351	158
52	153
122	157
418	154
54	155
334	154
54	156
120	153
372	154
54	155
316	150
53	154
113	152
422	153
55	151
198	153
216	151
56	148
395	151
53	148
172	151
143	150
108	150
431	150
54	150
257	152
130	150
74	149
414	150
55	151
130	152
312	152
51	150
352	153
55	153
115	158
338	166
79	202
455	241
85	216
170	232
415	225
101	230
453	233
98	242
184	249
366	247
147	242
484	262
106	256
195	262
401	266
150	265
465	272
118	280
225	280
438	288
174	301
485	315
164	317
257	335
502	340
213	352
520	360
211	372
306	368
606	379
235	384
533	396
243	394
332	397
652	395
233	393
505	397
253	392
319	397
612	395
239	397
487	393
291	390
301	376
604	315
133	268
270	296
388	274
180	284
535	288
121	281
234	284
309	280
216	280
544	278
123	272
318	274
285	265
170	264
496	262
108	254
270	252
307	248
147	241
483	236
97	235
228	227
320	222
120	217
463	209
80	204
181	198
325	196
88	189
436	185
70	183
143	181
334	182
66	177
372	175
62	174
127	172
350	170
63	170
357	170
60	167
127	168
370	169
61	166
336	166
59	164
123	163
377	162
58	161
317	160
61	156
108	160
424	158
56	156
296	160
84	158
100	155
429	158
58	154
274	155
110	154
84	153
398	154
58	153
253	153
140	155
75	151
396	155
56	151
231	152
171	151
57	151
394	153
54	149
207	153
89	148
114	152
431	152
55	149
286	153
92	151
83	150
419	152
57	151
155	149
279	152
55	150
380	153
55	151
135	154
308	161
61	167
439	214
95	232
167	215
386	235
117	233
467	228
96	238
175	232
422	245
117	252
422	258
106	252
200	257
461	265
128	267
414	272
127	274
213	277
480	281
137	288
394	284
157	296
240	302
533	310
161	315
498	326
156	326
261	334
567	337
187	343
506	345
185	345
282	349
592	347
192	356
499	362
207	364
301	370
572	368
230	375
499	365
229	375
293	365
623	373
201	366
375	379
433	375
272	380
618	371
198	374
350	383
361	381
324	381
650	384
218	387
450	388
357	397
300	390
622	398
210	393
329	404
534	395
269	398
590	409
250	404
333	399
575	411
278	407
636	409
231	406
328	403
577	390
228	336
524	270
136	304
219	280
411	288
180	291
505	286
126	283
216	287
417	279
162	277
475	272
117	273
213	265
431	266
143	264
450	262
116	260
199	261
446	256
103	254
410	252
103	252
193	253
505	247
101	247
386	244
106	241
178	240
495	237
97	235
355	234
120	231
160	226
452	224
91	220
326	219
145	215
143	215
479	214
84	212
193	211
333	208
106	211
453	206
81	206
165	206
249	203
133	206
468	202
80	202
254	203
244	201
111	203
450	200
81	202
221	198
279	201
102	196
437	195
77	196
187	193
303	194
88	192
439	191
72	190
160	191
328	187
76	186
413	183
73	186
145	183
346	182
70	180
374	180
63	177
134	177
364	178
66	173
353	171
60	171
130	171
377	174
60	166
334	170
59	165
120	168
374	165
60	162
315	165
69	164
111	164
432	162
61	164
293	162
94	161
102	163
432	164
64	162
265	161
126	162
86	162
401	161
64	159
243	158
156	161
71	159
392	159
57	158
224	156
190	155
64	157
401	155
59	156
199	154
110	155
115	152
435	154
58	150
280	151
105	151
85	151
416	152
72	152
153	152
292	150
54	152
372	151
55	153
124	149
306	148
57	156
407	149
54	149
114	151
336	153
57	150
397	150
54	153
114	151
351	152
54	151
327	151
51	151
117	152
384	153
53	152
305	154
58	156
108	163
407	198
102	238
342	212
100	223
186	237
474	235
106	247
420	239
99	246
188	250
488	244
106	248
412	252
106	260
203	268
477	270
116	274
402	275
123	277
210	282
490	289
140	289
414	293
171	300
224	299
569	314
143	312
307	323
395	324
223	329
569	328
152	329
292	339
330	339
275	342
581	353
191	351
413	357
340	360
261	359
604	358
193	372
294	363
527	376
246	368
556	374
226	376
313	378
557	378
244	378
606	387
206	386
308	388
576	387
250	399
592	394
215	394
311	391
512	400
278	398
609	401
240	399
336	407
552	407
283	403
596	404
250	404
345	407
569	407
274	405
576	408
255	399
335	394
574	376
190	288
441	287
151	291
223	276
549	288
122	282
407	281
141	279
207	273
533	274
116	272
376	266
170	268
191	264
493	262
112	259
347	254
197	256
176	253
507	250
104	250
208	247
370	243
133	244
486	240
96	241
188	236
293	235
166	233
496	231
93	230
259	226
286	227
132	224
469	222
90	222
224	218
308	218
118	217
450	215
84	212
188	211
326	209
95	203
449	206
83	202
170	202
353	200
90	196
445	196
73	195
147	196
367	189
76	191
374	187
69	188
140	186
377	185
70	181
351	181
69	177
129	180
379	176
66	174
326	176
62	171
125	172
396	171
67	171
302	168
83	170
112	168
439	168
62	164
284	167
111	165
96	165
425	162
62	162
258	162
135	162
72	161
394	159
58	160
237	159
170	158
69	156
401	156
59	157
211	157
208	156
66	155
405	157
58	156
185	153
130	156
115	157
430	153
55	153
266	153
118	153
71	152
397	155
55	150
137	152
302	152
53	151
368	149
52	150
121	150
323	151
54	151
403	150
52	150
112	151
343	152
53	148
392	149
52	150
112	151
352	149
57	150
321	150
54	153
109	147
374	154
57	154
306	162
88	200
163	239
445	215
90	222
338	232
109	225
190	237
488	244
103	238
414	249
96	240
182	244
521	266
118	257
417	268
115	269
200	261
527	276
113	273
406	277
136	282
214	283
501	288
136	286
402	296
188	301
228	306
560	307
142	313
288	315
411	330
216	332
556	334
150	344
285	345
351	348
286	357
618	358
188	358
406	371
366	368
270	366
613	364
195	370
296	374
537	376
242	378
555	388
235	384
316	378
567	381
248	386
598	392
206	391
307	395
579	387
243	392
595	397
225	402
322	397
541	406
291	409
605	400
250	411
343	409
568	405
277	401
585	399
241	389
302	336
490	268
179	305
457	280
138	289
218	289
483	289
145	286
427	281
143	285
216	280
537	275
119	273
387	271
153	270
201	268
530	266
114	267
363	265
182	260
183	261
493	262
112	259
331	257
211	252
157	254
498	251
101	249
206	249
391	247
139	248
490	242
98	241
184	240
309	237
164	238
492	232
93	232
247	231
301	227
127	224
459	220
89	219
210	218
324	218
93	215
420	213
84	210
185	209
346	206
99	204
456	206
78	202
160	200
361	201
90	200
438	198
75	196
143	197
373	195
72	191
368	192
73	197
138	190
386	191
73	187
348	188
69	186
142	187
404	187
71	184
327	188
69	183
136	185
413	183
76	184
302	180
103	180
111	179
438	177
68	177
279	175
135	176
98	174
429	173
70	173
251	171
162	172
81	171
412	169
66	169
231	170
200	167
80	168
415	166
62	167
203	164
233	164
72	165
407	162
61	163
176	163
152	162
117	161
435	160
88	161
276	160
153	162
86	159
426	159
59	155
134	157
320	156
56	156
363	156
52	152
115	154
334	154
54	155
402	153
54	152
113	153
352	153
71	151
395	149
51	152
110	148
360	151
55	146
309	151
51	145
106	147
380	149
54	147
288	147
77	147
92	153
383	148
58	151
266	150
52	150
119	151
413	155
64	160
350	175
91	228
169	220
484	229
97	235
381	231
99	241
182	240
503	251
106	256
380	256
141	267
198	272
494	275
125	282
377	285
198	288
208	291
549	300
132	304
264	310
411	311
202	323
563	330
151	336
272	336
367	345
273	342
606	350
182	351
383	357
373	346
253	349
594	354
183	359
280	362
534	365
227	372
527	366
222	368
309	373
571	377
231	376
587	379
206	378
301	378
589	390
235	383
571	377
213	387
312	388
539	399
263	388
582	397
232	390
328	395
561	394
264	400
567	392
244	399
339	402
590	403
261	403
549	397
259	401
339	398
604	400
258	404
529	407
266	404
328	398
652	399
232	394
483	376
243	309
227	273
559	299