148 150
148 152
148 154
149 154
150 150
150 149
148 149
148 151
147 147
149 152
147 151
148 151
146 149
145 149
145 149
149 147
146 149
146 149
149 150
147 152
149 152
149 152
154 156
159 166
177 184
189 197
205 207
202 210
208 207
203 211
220 212
216 214
211 216
215 213
220 217
215 218
222 221
219 222
225 222
224 224
216 225
234 227
224 229
233 228
228 228
236 229
233 232
237 235
238 234
230 237
238 234
241 237
234 239
234 239
249 239
235 241
245 240
239 240
246 243
249 243
246 246
246 246
240 246
245 248
247 248
251 247
247 249
251 247
245 245
249 249
247 250
256 249
249 252
247 248
251 250
247 250
256 252
251 249
253 253
248 248
251 250
252 251
254 252
254 253
253 250
251 251
250 251
258 251
249 252
251 252
252 251
251 251
259 251
250 254
258 253
253 255
256 253
258 256
259 258
257 259
253 260
264 262
264 261
264 263
269 267
269 266
265 269
269 269
274 269
273 276
277 277
275 278
288 283
283 285
285 285
290 288
288 291
290 295
297 295
298 300
306 304
307 305
310 311
310 314
317 317
318 317
317 322
324 324
326 329
330 332
339 338
336 336
341 344
344 345
351 350
352 353
357 356
359 359
369 364
368 365
363 366
370 368
375 370
379 375
380 378
379 379
383 382
387 381
383 386
387 385
388 387
389 387
388 387
388 387
387 387
381 380
377 373
363 352
320 304
256 260
245 243
235 235
227 229
223 225
221 224
216 217
213 213
208 207
206 203
200 200
197 198
193 196
190 191
187 191
185 186
182 186
181 185
179 184
178 177
173 177
171 174
171 175
171 172
169 170
167 167
166 169
163 165
162 166
161 165
162 165
161 162
159 163
157 161
158 159
159 161
159 160
157 160
157 161
157 160
157 160
157 158
158 161
155 159
157 160
153 161
157 160
157 161
155 157
156 160
157 159
157 158
154 162
156 162
157 160
154 157
158 162
156 161
157 160
157 160
158 160
155 159
157 161
156 159
158 159
156 161
155 160
157 159
156 160
155 160
155 158
154 154
155 155
155 156
155 155
153 156
152 155
154 154
152 154
153 153
153 157
152 157
151 154
151 155
152 153
151 154
149 152
149 151
150 151
149 152
150 154
150 152
151 152
146 153
149 151
146 150
147 152
147 150
148 150
147 149
147 149
146 148
145 150
145 149
148 149
147 148
147 152
149 151
148 151
148 151
150 152
153 157
157 161
165 174
183 187
201 201
204 202
208 206
211 208
209 210
212 212
212 215
216 216
213 216
215 218
215 219
221 218
227 222
228 222
224 226
222 226
227 226
225 226
226 227
238 227
231 231
236 232
235 232
231 232
241 237
239 236
233 236
242 237
239 238
236 239
238 240
241 240
240 242
243 243
243 240
241 244
245 245
248 246
244 244
244 245
253 248
251 247
245 248
251 248
246 249
255 250
250 250
252 249
251 251
247 251
250 251
253 250
253 250
249 252
254 250
251 252
252 251
254 251
253 251
255 254
247 255
260 253
251 254
254 252
260 251
253 253
249 255
253 256
256 257
258 251
253 253
250 255
262 256
257 257
259 257
264 260
259 260
262 264
262 266
268 266
265 267
267 268
269 272
278 273
275 278
277 276
279 279
279 281
288 287
288 287
288 288
288 291
300 298
297 298
299 302
307 305
314 309
311 310
318 314
314 316
325 322
324 325
325 328
327 332
335 331
334 338
350 341
346 345
341 348
358 353
359 354
365 357
360 361
366 364
370 366
372 372
377 372
377 376
383 378
377 380
386 382
384 383
392 385
380 386
391 385
386 388
389 387
383 387
385 385
388 383
380 378
371 367
349 329
276 277
253 250
237 237
231 231
224 227
222 226
218 219
214 214
209 209
204 206
203 200
197 197
194 194
191 194
189 189
187 190
184 186
180 184
178 181
176 182
173 175
174 175
170 173
172 171
165 171
169 170
165 171
165 168
166 167
163 165
162 166
162 163
160 164
159 162
159 160
155 161
160 162
157 159
159 162
154 161
156 161
158 163
156 159
155 157
157 159
157 159
155 158
155 159
154 158
157 160
156 159
157 159
156 161
155 158
157 159
156 158
155 160
155 159
159 159
155 159
156 157
157 159
158 160
157 160
153 159
157 161
155 160
157 159
156 159
156 161
155 160
156 159
155 158
153 157
155 157
155 159
155 158
155 156
154 156
151 157
153 156
153 154
153 154
151 155
151 153
152 153
149 154
151 151
150 154
149 152
147 151
150 150
148 154
147 152
150 148
151 151
148 153
149 151
147 149
146 151
146 148
147 148
147 149
147 150
146 151
146 150
146 149
147 149
147 150
148 151
149 150
151 153
151 155
155 162
165 173
181 188
194 201
208 208
206 211
205 208
215 211
214 213
214 214
216 213
210 216
223 219
217 220
224 221
228 221
220 223
227 225
226 229
229 228
227 231
237 229
229 232
229 232
234 233
228 235
241 233
239 233
235 239
238 240
240 238
244 241
241 242
249 242
239 243
241 241
243 245
249 245
243 244
242 245
245 246
246 248
246 249
248 249
254 249
252 250
253 250
242 251
249 249
250 249
254 252
255 251
254 255
251 253
247 250
255 251
247 250
256 253
256 252
258 253
252 252
252 251
246 255
255 254
255 252
247 256
255 253
252 252
249 253
255 252
247 254
253 252
255 252
247 254
260 256
255 256
254 258
263 257
259 259
264 261
259 260
269 265
262 266
265 268
267 269
265 271
278 274
275 277
273 277
281 279
281 282
285 283
296 289
291 290
290 294
301 295
294 298
311 301
305 305
305 309
313 312
314 314
315 322
318 322
328 324
330 329
327 332
333 335
339 338
337 340
345 346
349 349
355 352
351 355
357 359
365 362
364 365
371 368
371 373
367 373
383 374
370 378
384 380
380 384
383 385
387 387
390 387
391 389
386 387
387 389
392 392
385 388
387 385
381 380
375 369
354 340
291 289
253 255
240 237
232 231
226 225
222 223
221 220
216 220
209 215
207 209
203 202
199 204
196 196
192 193
190 191
184 187
185 185
181 185
179 179
178 177
176 174
175 173
170 177
171 173
169 173
165 171
167 168
166 167
164 163
163 164
162 165
162 166
160 163
159 163
161 162
159 162
158 161
160 162
156 162
158 161
156 158
157 159
156 157
156 157
157 159
157 160
154 158
155 158
157 157
155 158
157 160
158 161
155 160
157 160
159 165
156 162
156 161
156 160
157 159
157 157
157 161
157 160
156 159
156 160
157 161
156 160
155 161
155 159
155 159
157 160
155 159
157 160
154 159
156 157
156 158
153 157
156 160
155 159
155 157
154 156
152 157
153 156
149 155
153 154
151 154
151 155
151 154
152 155
150 154
152 155
149 153
151 152
150 154
148 149
149 152
148 151
149 150
149 150
146 149
147 152
146 148
147 153
147 150
147 149
147 149
147 148
144 149
149 150
148 152
147 151
149 151
149 153
154 158
157 163
172 178
187 189
203 205
204 207
211 206
215 211
217 212
217 214
207 216
217 218
212 215
221 218
217 217
220 221
215 223
225 222
221 223
227 227
224 227
234 229
239 230
229 232
233 233
230 231
230 232
230 232
230 236
236 237
236 238
237 239
243 242
235 242
246 242
239 240
247 242
251 241
249 245
252 249
246 247
240 246
247 249
246 251
250 249
246 249
242 248
247 250
254 249
251 251
249 251
249 250
255 251
252 252
250 252
255 251
255 252
255 251
251 252
253 253
251 253
244 252
253 255
251 250
256 253
249 250
253 251
254 249
255 253
256 252
253 252
256 254
250 252
248 255
254 253
252 254
257 256
259 255
252 257
257 261
259 261
263 260
265 264
269 265
268 268
271 271
273 271
278 275
277 278
284 277
283 282
289 286
283 286
289 287
292 291
292 293
306 296
306 299
302 301
301 306
309 309
311 311
317 316
317 319
321 322
327 326
331 331
337 335
339 338
347 339
340 347
355 349
348 351
359 357
360 356
364 360
363 360
362 367
370 368
373 371
371 374
385 376
377 378
388 382
379 382
389 384
384 384
388 387
389 387
388 385
386 385
385 387
385 385
382 379
371 366
357 339
293 287
253 253
239 239
229 231
227 227
222 223
218 217
218 215
209 211
207 208
201 203
198 203
198 199
191 194
191 193
184 188
185 188
181 184
179 180
177 177
173 177
173 173
174 174
171 173
171 171
168 170
165 169
164 168
166 167
162 167
163 165
160 164
161 167
159 161
159 161
157 162
159 162
157 159
158 159
156 158
157 160
154 157
158 157
155 158
155 157
156 156
156 159
155 160
155 163
157 161
157 160
155 157
156 156
155 157
158 159
156 159
157 158
157 162
156 162
156 161
157 161
157 160
157 159
156 160
158 161
156 160
158 159
157 158
157 159
156 158
159 158
155 157
157 158
155 159
154 158
156 157
155 158
152 160
153 155
152 153
152 156
152 155
153 154
151 155
151 156
152 155
150 153
151 153
148 150
148 152
149 152
151 152
149 151
149 151
148 150
147 150
147 150
147 149
147 150
148 150
147 150
147 150
149 152
146 151
147 149
146 149
146 149
147 147
147 149
149 150
149 152
147 152
153 155
154 159
162 169
178 183
191 197
209 205
204 203
211 209
204 210
208 215
218 215
209 217
215 217
221 218
219 221
226 222
217 223
221 221
218 223
228 225
229 225
223 230
231 229
228 228
232 229
232 230
235 231
239 231
237 235
236 237
234 236
234 239
240 237
241 239
245 240
239 240
238 242
244 243
238 243
241 245
245 243
247 245
246 247
250 252
249 246
249 249
253 250
256 252
247 249
253 246
248 250
253 249
250 252
251 249
253 253
254 251
253 251
253 253
253 252
256 252
258 252
255 254
253 251
247 249
249 251
253 253
255 251
255 253
250 254
252 253
249 251
248 254
254 254
251 253
254 255
259 257
258 255
257 259
257 257
263 259
260 262
275 265
260 261
263 262
265 267
270 271
271 271
272 274
281 279
272 281
281 279
278 282
287 284
294 289
285 289
298 291
297 299
298 301
307 304
300 305
305 310
312 312
313 317
321 320
318 319
326 324
327 328
332 333
339 339
334 342
347 343
340 347
348 352
351 353
358 357
358 362
364 366
369 367
368 368
370 372
375 368
374 371
382 357
380 307
377 237
380 134
378 79
381 88
388 71
384 79
385 77
380 75
389 79
383 75
390 76
386 74
385 75
391 74
385 73
384 77
383 76
377 79
375 74
365 76
348 71
299 65
248 67
236 64
225 65
220 64
215 62
213 65
207 63
207 64
202 63
197 64
199 63
190 62
188 62
187 64
184 61
182 62
180 62
176 62
174 63
171 62
173 62
169 62
169 61
166 61
164 64
165 61
163 62
161 62
160 62
158 61
159 61
159 61
158 62
156 61
157 61
155 62
154 63
155 60
155 61
154 62
155 59
153 60
156 61
150 61
155 60
153 59
152 61
155 63
154 61
153 61
153 61
152 60
153 60
154 60
153 60
153 62
155 61
153 60
155 60
152 60
155 60
152 61
154 60
153 61
153 61
154 60
154 59
154 61
153 61
153 60
155 60
156 59
153 61
152 62
154 61
152 60
152 61
155 60
152 60
155 60
153 61
152 61
152 61
150 59
151 61
150 60
150 61
150 61
151 59
150 61
150 59
149 61
150 59
150 60
150 60
149 61
148 60
149 63
146 60
148 61
148 61
150 61
149 60
150 60
150 60
151 62
151 60
154 60
157 61
163 63
179 64
195 63
207 65
203 65
206 64
204 62
210 66
204 63
213 65
209 67
216 66
218 66
217 66
212 65
219 66
227 65
215 65
220 68
223 65
212 65
227 65
226 67
221 65
230 66
232 64
221 67
231 67
229 67
232 65
226 64
230 68
232 66
230 67
233 67
240 65
230 67
234 66
234 66
229 67
244 64
235 64
237 64
242 69
235 67
238 66
238 63
241 68
234 64
239 66
237 65
243 66
240 68
240 66
239 68
239 69
237 67
243 67
246 67
242 62
236 68
246 69
241 66
241 66
238 69
245 68
248 64
245 66
244 66
247 65
249 67
239 67
248 64
241 66
242 68
243 69
245 67
243 66
241 67
246 65
244 67
244 67
250 66
249 67
241 67
246 69
250 68
244 65
250 68
252 66
258 67
251 68
260 67
255 70
260 65
257 68
260 69
260 69
263 69
262 68
267 68
269 69
268 69
269 70
276 65
280 71
275 72
278 67
285 71
288 70
285 72
284 71
294 70
292 72
296 69
302 72
302 69
309 74
302 70
304 70
311 71
313 72
317 70
320 72
321 75
325 71
329 72
326 73
331 74
337 73
338 73
340 72
338 74
345 71
350 73
347 71
352 75
355 77
356 71
365 75
362 75
364 74
366 76
365 73
374 76
371 73
372 76
378 73
378 74
377 80
388 73
384 74
379 75
388 76
391 74
388 77
391 76
387 77
387 79
388 72
389 74
388 77
388 77
388 73
384 78
387 75
378 73
377 72
364 73
346 69
288 64
247 67
234 63
225 65
219 64
216 64
211 64
211 63
205 64
202 63
200 62
195 63
194 62
191 62
185 63
183 63
181 62
181 64
177 63
175 62
173 61
172 62
167 60
170 61
166 61
166 61
164 62
166 62
163 62
157 59
163 60
159 60
158 62
157 60
158 61
156 61
157 61
153 62
156 61
153 62
155 61
153 61
154 60
153 62
152 61
153 61
154 59
151 61
153 62
154 61
153 61
154 61
154 60
153 60
153 61
153 61
155 58
154 60
157 60
151 62
156 60
153 61
153 62
157 61
153 60
155 62
154 61
153 60
155 59
154 63
153 60
153 61
154 60
153 61
152 60
154 60
153 61
153 62
152 60
151 61
153 61
151 60
151 61
152 62
152 61
152 61
150 60
151 62
149 60
150 61
149 60
152 60
150 59
150 60
149 62
150 61
145 62
150 60
149 61
149 61
147 61
150 59
149 61
150 60
151 60
149 63
155 61
154 61
160 62
169 65
187 64
200 68
210 63
199 66
212 64
205 66
212 65
206 65
220 65
206 65
217 66
214 67
225 65
213 64
224 63
215 66
220 67
217 64
229 67
223 67
223 67
225 65
226 64
227 65
235 64
229 66
235 65
227 69
239 66
237 66
230 65
231 66
232 66
237 66
233 67
231 68
242 65
244 68
234 68
242 67
242 70
241 69
237 66
238 68
236 66
238 64
237 65
249 69
238 65
243 65
238 64
236 68
241 67
244 66
239 66
244 66
246 67
236 67
239 67
239 64
242 64
245 67
240 66
243 67
241 64
241 66
246 68
245 66
247 68
239 69
247 67
240 68
253 66
239 66
248 67
246 68
239 66
245 65
240 69
245 64
248 67
251 65
247 70
257 63
242 67
250 65
259 65
257 68
250 67
259 69
256 66
264 70
257 66
256 70
269 68
261 66
271 72
264 69
270 66
270 68
274 68
276 69
273 66
280 69
283 72
286 71
290 71
282 69
286 70
292 71
301 71
290 68
303 71
300 72
305 70
302 69
304 71
310 69
320 71
316 75
315 74
323 73
326 72
321 70
329 75
330 75
336 73
338 74
341 73
342 74
347 72
351 72
354 74
355 76
353 76
358 75
361 74
363 74
366 75
367 75
369 76
374 77
370 76
372 76
377 77
373 76
381 74
381 77
386 76
386 75
383 74
386 73
385 78
389 76
387 77
393 78
388 77
388 74
395 73
388 76
392 77
389 77
387 74
385 75
377 75
367 74
350 69
298 64
250 67
235 65
226 65
222 64
215 65
214 66
207 65
208 64
204 64
200 63
194 63
190 63
191 64
187 62
184 64
183 61
180 62
178 61
176 62
174 61
171 61
171 63
168 61
167 62
166 61
165 58
164 59
160 61
162 60
161 62
157 62
158 62
158 61
157 60
154 60
155 60
155 61
154 61
156 61
152 60
155 60
152 61
156 61
150 61
155 60
152 61
153 60
153 62
153 60
152 62
153 60
152 61
154 60
154 62
152 61
153 60
154 60
154 60
155 60
152 61
155 60
151 60
155 61
154 61
153 62
154 61
154 61
152 62
155 59
153 62
153 61
155 63
153 61
154 62
154 61
152 61
154 60
154 61
154 61
152 61
154 60
151 61
152 60
152 60
153 61
149 62
153 59
150 60
149 61
150 61
149 59
150 59
150 60
149 61
153 60
148 62
149 62
149 61
150 61
148 60
151 61
150 60
151 63
150 62
152 60
154 61
157 62
163 63
178 64
193 64
208 65
206 62
208 66
205 65
208 63
211 65
213 65
216 65
216 61
216 67
217 64
217 66
216 64
229 68
217 66
212 66
224 66
222 64
231 67
229 68
227 65
224 68
234 65
234 64
226 66
231 66
226 66
229 65
232 67
236 66
234 64
238 66
234 67
240 67
231 65
234 66
235 67
234 62
236 67
246 67
241 65
239 65
237 65
241 67
239 69
240 67
237 65
241 66
243 66
236 66
239 67
242 66
242 68
238 66
242 68
242 65
237 66
246 66
244 64
242 66
247 67
235 67
243 68
240 66
240 66
243 68
244 68
241 66
246 66
244 67
243 65
244 70
238 67
254 67
240 66
241 66
249 70
246 66
242 66
253 65
243 69
248 67
252 68
255 66
246 68
250 67
251 66
254 70
260 66
255 69
253 67
261 66
261 69
267 69
266 70
264 68
268 68
271 69
275 68
271 69
274 71
280 69
282 70
283 69
288 71
283 70
292 70
290 69
292 73
298 69
291 71
304 70
305 70
306 74
305 70
313 71
314 69
315 71
328 69
318 72
321 77
325 73
331 70
339 75
342 73
335 73
340 72
341 72
346 76
345 72
348 74
350 74
361 75
360 74
360 75
365 77
375 74
361 74
371 72
369 77
375 78
376 76
374 74
380 76
377 77
384 76
383 76
385 75
389 77
384 75
385 76
394 77
387 78
390 81
389 75
392 76
389 72
389 78
387 76
386 77
389 78
378 77
373 72
363 75
336 67
272 66
246 65
230 66
224 65
219 65
213 65
213 64
209 62
207 64
202 62
198 64
194 63
192 62
188 63
186 63
183 65
179 62
180 62
176 62
176 62
171 62
171 62
169 62
169 62
165 62
167 61
164 62
163 61
160 61
162 61
160 62
157 61
159 60
157 61
157 62
155 60
158 61
157 61
153 60
154 60
152 61
155 60
153 60
153 62
153 61
153 61
153 62
151 61
152 60
153 62
152 62
154 62
152 61
153 61
153 62
153 61
155 60
152 60
154 60
154 60
154 60
153 61
154 60
153 61
155 63
153 60
152 61
155 61
152 61
155 61
151 61
155 61
151 62
153 60
154 60
152 60
153 61
152 61
152 63
151 59
151 60
151 62
149 60
150 61
150 61
152 61
150 61
150 62
151 60
150 61
153 61
149 62
152 60
148 61
151 62
149 62
150 60
150 61
149 60
149 59
150 60
150 61
149 62
152 60
150 61
157 62
156 62
163 63
171 64
191 65
200 66
209 65
202 63
207 65
209 66
213 66
210 65
216 66
215 65
213 65
220 67
219 64
215 64
223 67
221 66
219 64
224 69
219 64
223 66
235 64
228 66
220 66
235 64
225 66
229 69
230 65
232 65
229 67
235 68
239 66
226 65
240 64
237 67
236 68
235 66
238 68
233 69
238 65
233 66
235 66
238 66
240 67
239 67
244 65
241 68
241 67
245 69
239 68
239 69
243 66
241 68
239 69
237 68
240 66
244 65
244 66
241 66
237 67
249 65
241 66
243 67
237 65
236 66
240 67
244 68
236 65
247 68
241 67
247 65
249 66
242 64
247 65
240 65
244 65
249 66
247 68
243 65
252 67
247 67
248 67
245 67
250 67
255 68
254 69
249 69
255 67
246 69
254 64
257 69
255 68
261 69
265 70
263 67
264 66
265 66
263 68
274 67
270 74
280 67
278 67
273 68
279 71
281 70
279 71
287 70
285 68
285 70
297 70
290 70
302 78
297 66
302 75
307 68
305 75
310 69
316 75
318 70
314 73
321 76
320 68
329 74
331 71
323 74
332 72
338 75
333 75
341 73
347 76
346 71
345 74
350 74
356 74
358 76
357 74
360 76
363 74
369 73
370 78
369 75
375 73
373 77
373 76
378 76
379 78
382 75
386 75
380 75
388 75
383 79
386 77
392 74
388 78
388 77
393 73
387 78
396 74
388 76
393 78
389 76
384 77
385 75
384 71
369 77
360 71
328 64
263 66
243 65
230 64
223 65
220 63
213 65
210 62
210 67
205 63
201 64
198 63
194 64
192 62
189 63
185 63
183 61
181 62
178 62
175 62
173 62
173 63
170 62
170 61
168 62
166 62
166 62
162 63
167 61
158 61
163 61
159 62
160 62
158 62
155 60
157 61
154 61
155 61
153 62
157 61
151 60
157 60
154 61
153 61
154 60
155 60
153 61
152 60
154 61
152 61
153 62
152 60
152 61
155 61
152 61
154 60
152 61
154 60
153 61
153 60
155 59
153 62
152 61
154 60
153 61
155 60
155 61
154 62
153 60
153 61
155 60
156 62
153 61
156 61
154 62
154 59
154 63
153 62
152 61
153 61
152 61
152 61
152 61
150 61
153 61
151 60
150 60
151 60
151 61
152 60
149 61
150 60
151 60
149 60
148 62
152 61
146 59
150 61
149 62
149 60
152 60
149 61
151 62
150 60
152 60
154 60
153 62
160 61
166 65
185 64
197 65
216 65
204 65
204 64
215 65
215 65
213 63
216 63
212 64
221 67
220 64
218 64
216 63
221 65
223 67
216 65
225 63
217 66
225 66
218 68
225 65
223 65
233 64
230 68
223 67
233 65
223 68
234 62
230 65
231 66
230 65
230 64
240 66
232 68
233 65
238 66
240 66
234 68
240 65
235 66
231 68
237 66
238 67
242 69
241 65
236 69
240 68
241 67
242 65
241 63
237 72
239 68
242 64
242 67
238 68
241 68
246 64
241 66
246 64
237 68
248 65
239 69
241 67
250 69
248 66
241 65
243 68
243 65
238 66
250 66
245 69
246 65
239 69
244 65
241 69
250 67
241 66
249 68
247 67
250 68
253 66
245 69
252 66
248 66
248 68
254 70
257 70
257 65
261 70
258 69
261 67
259 67
268 69
263 68
267 70
267 69
268 66
275 69
279 69
271 69
277 70
282 69
285 70
282 69
288 72
295 70
291 69
296 69
297 73
295 71
308 72
303 70
306 72
310 72
314 70
313 71
320 74
324 73
322 73
325 76
330 72
320 73
333 70
338 73
338 76
348 71
341 74
348 73
349 75
352 75
358 74
348 73
353 79
364 75
366 75
366 75
371 73
367 75
377 75
372 76
380 78
378 74
383 73
384 75
383 80
381 73
387 76
388 73
387 76
386 78
389 74
388 77
389 77
393 77
387 77
391 78
389 74
390 79
384 75
387 77
384 71
375 76
369 75
348 66
293 64
248 64
237 63
226 66
221 64
215 64
213 63
209 63
206 63
202 65
199 64
196 64
194 62
190 64
189 62
183 63
182 61
180 64
178 62
175 62
172 62
172 61
171 62
169 61
165 62
167 60
164 61
165 62
158 62
162 62
160 61
159 61
157 60
157 60
156 61
158 61
154 61
156 60
155 60
154 60
155 60
152 61
154 60
154 62
153 60
154 61
153 60
152 61
153 61
153 62
152 62
153 61
153 61
153 61
152 62
153 61
152 61
152 62
154 62
152 61
154 61
152 61
154 61
154 61
155 61
153 61
153 61
153 60
154 61
152 62
156 61
152 61
154 61
153 61
152 59
153 61
151 61
154 62
150 61
153 60
149 62
155 59
151 61
151 60
152 61
150 61
153 59
150 61
151 62
150 62
151 61
151 62
148 61
149 60
149 61
149 60
150 62
147 61
153 60
149 60
149 60
150 60
150 61
151 61
152 61
155 61
157 63
165 62
180 64
193 64
210 66
210 65
207 65
210 63
205 64
205 64
212 66
208 67
222 65
215 63
215 64
218 67
222 65
218 65
217 66
226 64
218 65
229 65
223 66
229 65
226 66
224 65
230 65
221 67
237 63
227 64
236 69
232 65
233 68
235 64
235 67
230 68
234 66
232 65
231 67
241 66
242 65
231 66
242 68
238 67
240 65
241 63
243 67
241 66
242 67
238 67
242 66
237 69
239 68
245 68
241 67
242 66
239 66
239 69
240 66
237 67
240 68
247 66
243 67
241 65
241 71
249 64
235 70
244 67
239 68
248 67
244 69
237 63
245 66
239 67
240 68
239 66
246 68
245 66
245 66
243 68
245 67
250 67
249 68
250 68
250 67
242 69
251 67
253 66
252 68
254 68
256 67
255 67
257 68
256 63
261 68
271 71
266 67
266 70
268 69
276 67
267 67
278 70
279 68
278 70
278 70
291 70
286 72
282 71
287 69
288 72
293 66
301 69
299 73
299 71
299 69
309 70
311 73
308 71
314 71
315 69
316 72
328 72
321 75
324 74
328 72
334 75
336 72
338 72
339 72
347 73
338 74
341 73
347 74
358 74
354 75
357 73
364 74
360 77
367 73
364 73
368 74
369 76
373 73
375 72
374 77
376 72
381 76
380 76
381 78
389 75
385 75
383 76
388 74
389 81
388 75
390 80
394 73
386 79
396 74
393 78
389 74
386 74
384 79
383 78
377 74
370 76
352 72
306 63
250 66
238 65
228 64
220 63
216 65
212 63
211 65
208 62
203 64
200 63
196 63
195 62
188 65
188 62
186 62
182 62
181 61
179 62
174 61
174 61
173 61
171 62
168 61
164 63
165 60
165 61
162 61
162 62
161 61
161 61
158 62
161 62
157 60
157 62
157 60
156 62
155 62
153 60
157 61
152 60
155 60
154 61
151 61
153 61
152 61
153 61
152 60
151 61
154 61
151 61
152 60
152 61
153 61
152 61
154 60
155 61
154 61
154 60
155 61
152 60
155 60
153 60
154 60
153 60
154 61
156 61
155 62
153 61
154 60
152 62
156 60
153 60
154 62
153 60
151 60
155 61
152 62
153 61
151 61
152 61
153 60
150 61
152 61
152 61
151 61
150 62
151 61
150 61
151 60
150 61
151 61
151 61
148 61
150 61
151 60
149 60
148 62
148 61
152 62
148 62
152 62
152 61
153 60
155 60
157 64
163 61
172 65
190 63
204 67
216 65
200 65
207 60
215 66
210 64
206 65
210 64
217 66
214 65
215 66
220 67
223 65
223 63
221 64
223 68
224 65
228 69
221 64
234 66
224 65
226 66
230 64
231 64
232 65
229 65
226 66
235 64
230 66
231 65
235 68
231 67
239 64
232 65
243 63
229 68
234 67
234 63
240 65
238 66
238 69
246 66
238 65
238 67
242 70
235 66
247 68
239 65
239 65
240 66
238 68
241 68
241 66
242 63
241 67
240 68
244 66
243 68
243 64
241 66
240 66
241 66
245 67
246 65
243 67
241 67
240 67
243 68
241 66
240 66
240 64
249 68
242 68
241 67
244 66
248 66
246 69
246 69
246 68
247 66
254 69
246 67
252 67
254 68
255 69
255 70
255 70
257 66
258 65
260 68
262 66
262 68
260 69
267 71
275 67
275 71
267 68
275 67
273 68
280 70
276 69
290 67
284 68
290 73
290 72
295 74
288 70
299 69
298 74
298 69
302 69
308 71
312 72
308 71
317 70
312 73
326 72
316 73
331 73
321 73
332 72
340 72
335 74
337 71
340 73
348 73
338 76
341 75
352 75
358 73
354 74
352 76
363 74
366 77
368 72
371 76
363 74
373 75
378 75
377 74
373 77
380 78
379 75
384 77
387 78
394 76
377 75
385 77
392 76
392 73
387 77
388 78
387 79
389 76
391 80
388 78
384 76
387 75
383 75
381 73
374 74
365 72
338 69
275 68
246 65
232 66
223 67
221 66
214 64
214 64
207 64
207 62
201 63
197 63
194 63
192 63
187 62
186 63
185 62
179 62
180 62
176 63
173 62
175 63
171 61
169 61
169 63
167 62
163 62
166 62
159 61
164 61
161 60
160 62
157 60
158 60
156 60
157 61
156 61
156 60
155 60
155 60
154 60
154 62
152 60
154 60
153 61
153 61
153 60
154 60
152 62
154 60
152 61
154 60
154 60
152 62
152 61
152 61
154 60
153 61
154 61
154 60
153 60
154 61
153 61
154 61
153 60
156 61
153 61
153 62
155 60
152 61
154 62
154 60
155 61
154 60
154 61
152 60
154 61
152 60
154 60
153 61
151 61
151 59
151 59
151 60
150 60
153 60
151 60
151 61
149 60
151 61
148 59
151 60
150 60
148 60
151 61
148 58
150 60
150 59
148 60
150 62
147 61
150 61
152 61
151 61
153 61
154 62
156 62
164 64
180 63
194 66
209 65
204 62
204 65
208 66
213 65
211 65
212 65
208 64
212 65
220 66
220 66
219 66
222 66
216 63
219 65
227 63
218 65
225 67
221 66
225 64
224 67
229 67
227 67
235 67
235 69
233 64
227 66
236 68
233 66
232 64
240 67
227 66
235 65
242 72
230 67
238 66
237 68
244 69
241 67
234 65
238 68
243 67
237 63
234 65
237 67
237 66
244 67
233 65
247 67
238 66
241 67
240 68
236 64
241 69
244 66
237 68
240 65
239 67
240 68
235 66
240 67
236 64
244 70
241 69
244 66
235 70
241 65
243 65
251 66
245 67
240 65
247 66
242 68
244 66
243 67
244 67
243 69
250 66
242 66
244 67
253 70
257 65
252 68
254 68
252 67
253 69
261 68
257 68
253 68
262 70
260 66
273 69
266 68
273 69
268 70
269 70
278 68
273 70
283 70
277 69
278 70
282 68
288 69
291 72
292 69
291 70
300 69
299 70
305 72
306 69
300 70
311 71
317 74
309 70
319 76
317 72
323 74
319 72
322 77
329 71
332 71
333 70
341 77
335 72
342 74
344 74
346 75
348 71
355 76
356 74
353 72
362 75
367 75
357 77
368 74
365 72
370 79
374 73
372 73
377 78
375 78
384 77
377 79
387 75
385 76
386 73
385 76
388 78
385 76
392 76
382 76
393 78
392 76
394 76
386 75
389 75
387 73
386 74
386 75
379 73
366 72
355 70
306 63
251 65
239 65
227 66
222 63
216 65
215 66
210 63
208 63
203 63
197 62
198 63
194 63
189 63
188 64
185 63
183 62
180 62
177 61
176 62
175 62
172 62
172 61
168 62
168 61
165 63
163 63
165 59
162 61
160 62
159 61
158 60
156 61
159 62
157 62
155 61
155 60
154 60
155 60
154 60
156 61
154 62
153 62
154 61
153 59
153 60
152 59
151 62
153 60
152 62
151 60
153 60
152 62
152 61
153 60
155 60
151 62
153 61
151 61
155 60
152 61
155 61
152 60
152 62
151 61
154 61
154 62
154 59
155 63
151 60
155 61
153 61
154 60
152 61
154 60
154 61
154 61
152 60
154 60
152 61
152 60
152 61
152 61
152 63
151 60
151 61
152 60
150 62
150 61
150 61
151 61
151 62
151 60
150 59
151 60
148 61
148 60
151 61
151 60
150 59
152 61
151 61
150 62
153 61
153 60
155 61
160 60
168 64
187 64
201 65
215 66
207 65
202 64
213 66
213 65
207 65
210 64
217 65
213 66
215 68
223 65
221 65
220 66
218 66
222 67
226 66
218 67
216 64
222 67
226 66
224 67
236 64
228 67
234 66
232 67
237 65
230 67
230 69
231 65
236 66
234 66
229 69
234 64
235 68
238 65
237 67
236 69
239 67
243 66
244 66
244 67
232 66
240 68
239 66
240 68
242 65
236 68
242 66
239 67
242 66
240 68
245 66
239 67
243 70
248 68
242 69
243 68
238 65
234 68
243 69
241 67
237 67
233 68
240 69
236 64
245 67
246 70
240 66
237 66
240 68
243 65
248 68
250 69
238 68
243 67
238 65
251 68
245 65
250 68
247 66
251 68
247 67
252 67
259 69
250 65
253 69
258 67
253 71
263 68
257 68
265 68
268 69
272 69
268 70
267 69
268 68
271 71
272 67
285 71
276 69
280 68
281 71
286 70
297 71
291 71
289 72
297 73
298 73
305 68
303 70
302 72
306 69
311 74
312 74
318 69
320 74
322 72
320 72
328 72
331 71
338 72
328 76
340 76
351 74
337 71
350 74
348 76
356 75
352 76
355 75
355 75
359 72
362 75
370 79
369 74
366 76
373 74
375 75
373 79
374 72
380 80
377 78
382 77
382 80
391 74
385 74
388 79
386 78
386 78
391 78
389 76
391 76
394 74
387 78
390 78
394 77
385 76
388 78
383 120
383 148
369 185
344 213
274 211
248 197
232 184
227 176
217 167
217 167
213 166
210 166
204 166
202 161
198 161
195 159
191 161
189 163
183 166
185 172
182 172
177 175
175 172
175 170
174 168
172 167
167 165
169 163
166 162
165 161
163 162
163 161
161 161
161 160
161 159
161 159
159 159
158 159
155 157
158 159
156 156
157 155
155 155
156 154
155 155
154 156
156 157
153 155
155 157
154 157
155 156
153 156
155 157
155 157
156 157
155 158
157 159
155 158
157 162
156 160
157 160
155 161
156 159
154 160
155 159
157 159
155 159
154 156
155 158
157 157
155 157
156 159
155 159
153 158
156 158
157 157
153 158
155 157
153 158
153 157
153 156
154 156
153 156
153 157
152 155
153 153
152 155
151 154
150 150
151 153
149 152
149 151
149 149
149 150
151 151
150 152
149 153
148 151
149 153
147 152
150 151
148 151
147 152
148 151
149 151
148 149
150 152
148 151
149 150
150 152
150 152
154 158
155 161
164 171
182 186
196 199
207 207
212 209
207 209
213 213
213 213
209 213
215 217
217 217
218 220
222 219
223 219
217 224
228 223
225 224
229 227
228 227
229 226
228 227
230 229
229 232
236 233
237 235
239 232
233 235
237 234
231 238
240 239
235 240
243 241
240 240
233 241
243 241
246 243
244 247
238 242
239 243
245 243
249 246
250 246
246 246
243 246
249 246
246 248
253 248
250 250
252 249
254 251
255 251
245 246
255 247
250 247
249 250
249 246
245 251
255 250
250 249
246 249
260 250
246 250
251 249
247 252
253 251
252 250
254 253
248 252
251 250
249 254
256 254
253 253
254 256
257 257
260 261
258 258
261 261
268 263
265 265
269 265
267 269
272 271
269 271
279 275
287 278
271 280
294 282
279 283
289 285
288 291
293 290
300 296
305 297
300 301
303 305
309 307
312 311
313 314
319 317
326 320
322 322
337 327
333 330
336 334
341 336
340 339
350 343
353 346
355 351
359 354
367 359
363 362
365 364
377 366
368 368
375 373
379 377
373 378
382 379
380 383
383 385
385 387
387 387
388 389
392 392
387 387
387 387
389 389
383 387
380 379
369 360
334 314
263 269
246 245
236 235
228 229
225 227
221 225
216 217
213 215
209 210
204 210
198 205
198 199
193 196
192 192
189 191
186 188
182 184
179 186
179 181
177 180
176 179
171 175
171 173
172 172
167 170
167 168
167 166
161 164
164 165
160 165
161 163
159 160
162 162
159 164
159 161
158 159
157 161
155 159
157 159
155 159
158 161
156 162
157 160
153 159
156 155
155 158
153 157
157 157
154 158
155 160
155 158
154 158
156 159
155 158
155 160
156 159
155 157
157 158
156 159
155 158
157 162
156 158
157 161
156 160
157 159
157 158
155 158
155 157
154 155
157 157
156 158
154 157
153 156
153 156
156 158
155 157
153 156
153 154
153 156
154 156
154 155
150 153
151 154
151 154
152 155
149 153
151 153
150 154
150 152
149 153
150 153
149 153
148 150
149 153
148 150
149 149
148 152
146 150
147 151
149 151
147 151
147 150
148 152
147 151
151 151
147 149
149 152
152 154
149 154
154 157
157 160
166 176
184 191
199 206
211 209
208 210
210 211
207 213
213 215
212 219
220 219
213 221
216 221
219 221
223 225
226 225
225 226
225 226
227 228
233 229
231 230
226 232
232 238
234 241
243 237
231 236
239 236
236 235
231 239
245 236
240 236
239 242
237 243
238 242
245 244
245 242
240 246
246 245
242 247
244 245
249 250
247 247
242 246
250 249
244 246
249 250
247 249
246 253
254 252
245 251
251 249
244 251
251 251
253 250
247 252
250 250
252 251
251 250
251 250
244 251
252 249
251 250
246 250
253 250
255 253
246 252
250 250
254 253
252 250
254 253
251 252
253 256
253 255
253 254
262 257
252 256
253 260
260 259
262 261
266 262
264 263
265 266
272 270
269 272
274 275
277 275
272 278
288 281
280 284
285 287
290 286
287 292
297 292
298 296
300 299
307 304
304 308
317 310
313 312
323 318
323 320
319 324
331 326
334 330
329 334
340 338
343 342
348 346
355 350
350 352
354 352
359 358
364 360
365 363
367 366
365 369
373 372
378 374
374 379
382 381
381 381
388 385
386 384
389 387
384 389
388 387
387 387
388 387
390 387
384 383
382 379
374 369
359 343
298 290
256 255
240 238
233 233
228 228
221 224
220 220
215 214
210 214
207 209
203 203
197 203
198 197
193 195
188 192
187 189
183 187
182 185
180 181
176 179
174 177
173 174
170 174
170 175
167 170
167 169
165 172
164 168
164 167
161 166
161 164
161 165
160 166
160 163
157 162
157 160
157 160
157 159
157 159
155 159
155 157
159 159
153 157
157 160
154 159
157 159
153 155
157 157
154 158
154 160
156 157
155 158
157 157
155 159
155 159
156 157
155 159
157 160
156 158
157 159
156 160
155 158
155 158
155 158
156 160
155 159
156 158
157 161
155 157
155 157
155 157
155 158
155 158
153 156
153 156
153 157
155 158
154 158
153 158
151 157
151 158
151 153
153 153
151 154
149 153
151 153
151 156
149 154
151 154
152 153
148 151
149 150
150 152
149 151
149 150
147 151
151 153
147 150
146 149
148 149
146 149
147 151
147 151
148 148
147 150
146 150
148 151
147 150
150 149
150 152
151 154
154 160
161 168
178 183
192 199
211 206
206 207
207 209
207 211
208 210
213 217
219 218
215 220
219 218
223 219
224 223
232 222
219 226
231 225
224 225
223 227
228 227
230 227
232 227
238 229
235 233
231 233
233 231
233 236
237 237
235 237
238 238
236 240
237 240
242 242
241 240
251 239
235 242
251 244
247 246
246 245
245 245
245 247
243 248
254 249
249 249
248 250
252 248
244 251
251 247
249 250
244 247
250 247
248 250
250 247
246 249
253 248
253 251
253 250
251 251
253 250
252 249
249 250
246 252
248 251
247 249
252 250
252 251
251 250
248 253
259 251
251 252
259 253
255 253
252 252
258 255
254 256
256 259
254 260
257 261
261 262
261 261
265 264
276 268
269 269
270 271
272 275
275 275
280 277
281 280
283 283
289 287
287 287
291 293
292 291
295 295
298 301
301 303
310 306
309 309
312 311
309 315
325 319
323 322
329 325
328 330
329 335
338 336
338 338
346 341
347 344
358 347
351 353
359 356
358 359
363 360
368 362
367 365
364 369
381 372
377 373
384 378
377 380
387 383
389 385
385 383
383 386
389 387
388 385
386 385
386 386
387 386
381 380
372 374
365 351
319 303
257 260
244 241
234 233
225 226
223 224
220 222
216 220
213 212
209 210
204 201
202 202
195 200
194 194
190 190
189 188
185 185
180 183
177 177
179 181
175 177
174 176
171 175
170 173
170 171
168 169
168 169
162 165
163 166
163 164
161 166
160 164
162 164
157 162
159 162
157 161
155 161
158 161
157 161
158 159
156 158
157 159
155 160
155 159
156 158
155 159
155 159
157 158
156 158
157 159
155 159
156 157
156 159
155 158
156 157
157 155
155 159
156 162
155 158
157 158
153 157
157 156
156 156
155 156
158 158
157 157
156 162
156 159
155 158
157 157
154 159
155 156
156 157
154 158
155 159
153 156
155 157
153 157
151 155
153 158
152 156
153 154
151 155
153 156
152 155
151 156
149 156
151 155
149 155
149 153
150 154
149 154
150 152
150 152
149 151
146 153
150 149
149 151
145 151
149 152
147 151
146 151
147 149
147 150
145 151
150 151
147 151
149 151
149 152
150 152
151 155
156 158
159 166
176 181
189 195
209 206
201 206
208 205
208 210
211 212
209 212
221 217
218 218
219 219
217 221
223 220
215 223
227 222
225 223
221 225
234 227
233 229
226 228
229 229
235 232
234 233
234 230
241 233
230 231
244 234
232 236
235 237
240 236
240 241
238 240
244 243
237 243
251 242
240 245
241 244
246 246
242 244
244 243
244 244
245 246
248 248
241 247
246 249
252 245
250 247
257 249
251 252
255 251
253 249
249 246
244 247
250 249
254 252
247 252
253 251
251 248
257 248
247 250
253 251
249 252
261 249
245 251
253 251
247 251
257 254
249 250
258 251
247 253
259 253
255 255
250 253
259 251
252 255
265 257
259 260
267 263
261 266
265 264
265 267
266 267
269 272
269 272
274 273
281 279
275 282
287 283
286 286
287 288
289 290
299 293
294 297
299 298
303 301
309 304
303 309
309 310
318 315
319 317
326 322
323 325
329 327
330 334
339 334
335 340
350 342
345 345
348 349
359 353
358 356
367 362
363 363
367 366
369 367
372 371
380 371
374 376
375 378
380 380
381 380
387 384
382 386
383 383
391 386
384 388
391 389
381 387
385 385
383 381
377 372
366 356
330 310
260 265
246 242
232 231
230 228
224 227
219 222
217 218
212 211
208 209
205 207
200 202
196 199
195 194
189 191
186 191
185 186
183 184
180 181
178 179
176 179
174 176
171 175
172 175
169 173
166 169
168 171
161 167
165 167
162 165
161 164
161 163
160 162
157 164
161 161
158 161
157 158
157 159
157 159
155 158
157 158
157 159
157 158
154 159
156 159
153 159
157 157
153 157
155 158
156 158
155 158
155 160
156 158
157 161
157 160
156 161
155 159
155 160
158 161
154 158
155 159
157 158
156 158
156 159
157 157
156 157
156 158
157 158
155 160
156 159
154 157
155 159
157 160
155 158
154 157
154 158
153 155
152 157
153 155
153 155
151 154
153 154
151 156
153 157
151 154
151 153
150 153
151 152
149 153
148 151
149 153
151 153
149 153
150 152
147 151
149 150
147 151
148 151
147 151
147 149
148 149
147 150
144 149
149 151
146 148
149 149
147 151
147 148
147 150
151 152
150 156
153 157
157 163
169 178
186 191
207 204
209 206
202 205
205 211
216 213
