154 157
154 158
155 156
156 156
155 156
154 158
155 159
155 157
153 157
155 157
155 160
153 159
154 154
155 158
155 159
156 160
153 157
154 156
155 157
153 155
155 158
154 158
153 155
155 155
153 156
155 155
157 157
155 158
154 155
156 159
155 157
153 158
155 159
155 159
153 157
152 156
155 154
153 156
153 153
152 155
151 155
152 156
151 154
151 154
150 152
151 152
149 152
151 155
151 154
149 154
149 152
150 150
149 152
149 151
149 152
148 151
151 151
148 151
149 151
148 151
147 151
147 152
150 151
148 150
147 152
149 151
149 154
151 155
152 158
155 161
165 172
183 187
199 204
208 207
208 207
205 210
215 210
215 213
214 216
223 215
222 217
213 218
224 223
220 221
227 224
218 224
229 221
221 227
228 229
229 230
229 227
226 228
229 229
235 231
233 233
231 233
229 233
232 236
234 237
240 237
238 236
237 239
240 239
240 239
236 236
240 241
239 241
242 242
245 247
239 243
246 241
248 244
238 245
249 246
241 247
245 245
247 245
250 247
252 246
251 249
247 247
247 247
248 247
248 247
248 248
246 248
253 250
247 247
252 248
245 249
248 248
247 250
246 247
253 248
251 250
248 251
249 249
251 251
253 251
252 249
243 252
250 251
256 254
251 254
254 255
256 254
252 258
258 260
260 260
259 262
268 264
266 266
268 268
265 271
269 272
275 275
276 275
279 279
283 280
279 285
292 286
291 289
290 290
301 294
298 294
307 301
308 301
307 306
312 308
312 315
316 317
323 321
320 323
327 326
329 330
325 333
337 335
337 338
339 342
351 348
349 351
356 355
355 355
365 361
364 363
366 365
369 368
375 371
377 371
373 375
378 378
384 379
382 383
383 383
386 385
390 387
389 387
390 388
389 390
386 387
388 388
389 385
382 381
381 378
367 364
345 324
273 276
250 246
235 234
227 225
224 225
219 219
218 217
211 216
210 211
204 205
198 200
197 195
194 195
188 191
188 185
182 185
183 183
177 181
177 178
175 178
171 176
172 172
170 171
169 168
163 168
167 168
166 168
164 168
162 165
161 161
160 161
158 160
159 161
157 159
157 160
157 161
153 157
157 155
154 156
153 156
154 156
152 158
155 156
154 157
155 158
153 152
155 158
153 155
153 155
153 156
153 156
154 156
155 157
155 158
156 157
155 157
155 158
153 157
155 157
157 159
154 156
153 158
155 157
154 158
154 159
154 157
153 156
157 157
153 156
155 157
154 157
154 156
153 157
153 157
153 155
154 157
153 156
152 153
153 155
152 157
152 156
150 155
150 152
151 153
149 152
152 152
150 153
149 149
152 152
147 152
150 153
149 153
149 151
149 152
149 151
149 149
150 154
146 152
150 150
148 150
147 151
150 153
148 153
149 152
149 151
151 154
151 154
156 157
162 168
175 181
190 196
208 209
209 207
209 211
211 214
211 212
209 214
216 215
218 215
211 217
223 218
217 220
226 221
218 223
227 225
226 221
223 226
231 227
224 227
223 229
235 228
230 229
239 232
233 236
234 231
239 234
229 232
235 234
240 238
238 236
235 237
235 240
234 240
248 240
243 239
235 241
244 240
245 241
239 241
243 243
243 241
248 245
249 247
256 244
239 245
244 245
254 245
243 244
245 246
245 246
245 246
245 243
247 243
243 244
246 242
242 246
245 245
245 247
253 247
243 245
241 247
248 245
245 249
248 249
246 246
250 245
247 247
240 249
257 247
246 247
247 248
247 247
252 251
253 253
251 251
253 255
256 258
267 257
253 258
268 259
266 264
263 267
267 268
272 271
273 271
271 273
278 276
277 280
288 282
290 285
284 287
295 292
289 292
297 296
298 298
309 301
304 304
313 310
309 311
315 314
319 319
320 323
322 325
323 328
338 329
329 334
331 335
341 340
346 346
346 347
351 350
357 354
358 356
357 359
376 363
366 366
370 367
376 371
379 373
376 377
382 379
377 380
379 382
384 384
384 384
393 385
387 387
387 387
386 387
389 387
387 388
390 387
381 383
380 375
367 358
337 315
265 268
246 243
233 232
225 228
222 224
220 222
215 216
212 212
209 208
204 206
199 203
197 200
193 195
188 188
189 188
183 185
181 179
180 181
177 181
177 179
174 179
172 175
169 173
169 172
167 169
165 167
166 167
165 166
161 165
164 162
161 165
161 161
161 162
160 164
161 163
159 162
159 161
158 161
157 158
157 160
158 162
159 161
157 161
157 160
159 160
157 159
159 161
158 161
159 163
160 161
159 163
157 160
158 161
157 162
159 163
159 161
159 161
159 161
159 161
157 162
157 160
159 161
158 160
159 162
157 163
159 160
157 161
158 163
161 163
157 159
157 160
158 160
157 159
157 159
158 159
155 163
157 161
155 157
155 158
154 157
155 155
155 156
154 158
150 153
153 156
154 156
152 154
151 155
150 154
152 156
151 152
151 153
150 155
149 153
147 152
147 149
149 151
148 150
147 150
148 148
147 150
148 150
148 152
146 147
148 147
146 148
147 148
146 150
147 149
146 152
146 150
146 151
146 149
147 149
147 152
150 154
151 156
156 162
166 175
185 191
200 204
203 204
209 206
205 207
211 209
211 210
217 214
210 217
221 219
221 220
216 218
222 219
224 221
225 221
221 221
220 223
223 226
231 228
221 228
230 228
227 228
236 231
237 233
229 232
230 236
237 234
233 234
238 235
238 237
233 237
237 235
243 239
240 239
249 242
239 240
249 244
240 245
245 244
246 244
242 247
245 246
246 247
247 249
244 247
255 247
252 248
249 247
255 248
243 249
255 248
253 248
253 249
246 253
251 250
247 252
255 251
249 253
249 255
248 253
255 252
247 248
248 249
255 249
251 253
248 250
254 252
249 251
253 250
259 248
250 253
253 250
254 251
249 252
259 255
252 251
249 254
255 253
253 255
251 255
252 255
259 257
258 259
269 260
261 262
258 262
264 264
268 264
271 268
273 273
273 272
279 277
280 279
275 277
284 282
282 286
291 286
293 289
295 293
295 296
296 297
305 301
305 306
314 308
307 312
318 313
317 317
325 320
328 325
331 326
340 330
331 332
344 339
345 341
345 345
343 349
349 351
357 352
360 357
359 360
368 363
365 363
371 368
376 372
373 372
378 375
380 378
381 382
388 381
391 385
383 385
385 387
388 387
391 388
386 387
387 385
385 384
386 382
379 375
368 362
341 319
268 270
252 246
235 233
228 228
223 225
221 220
217 219
214 215
209 208
203 205
203 201
196 200
193 198
189 192
186 192
185 189
179 183
182 182
176 179
176 176
172 177
173 173
169 175
167 172
167 169
167 170
162 166
163 162
160 164
161 164
160 163
161 161
158 162
159 159
158 161
157 158
156 160
155 159
156 159
155 158
153 159
155 159
155 159
155 158
156 158
156 158
156 156
153 155
155 157
154 158
155 158
154 157
155 158
154 157
155 157
155 157
155 158
155 157
155 158
155 158
156 158
155 159
153 159
157 160
155 159
155 157
155 156
154 158
157 158
155 157
154 158
155 156
156 156
153 155
155 155
151 157
153 156
153 157
151 155
152 154
152 152
151 155
152 155
151 153
149 152
149 151
150 152
151 154
150 153
149 152
149 151
148 153
148 151
149 151
148 151
147 148
148 148
149 150
149 148
148 151
147 150
150 151
147 149
146 150
148 151
147 151
149 152
150 152
152 156
155 160
159 165
170 179
188 195
206 206
208 209
210 208
211 209
210 211
217 214
216 216
213 216
218 218
217 218
225 220
218 222
220 222
220 226
230 225
232 229
225 229
227 230
231 229
234 231
225 231
238 231
230 233
237 233
238 237
232 239
242 235
247 238
233 237
233 239
237 237
247 239
236 241
242 239
243 241
246 244
242 245
252 244
247 245
244 243
249 243
251 247
250 245
243 247
249 246
245 246
244 246
244 249
247 250
249 247
248 249
250 249
250 249
245 248
242 245
251 248
245 247
250 248
254 250
250 251
251 250
248 251
250 248
245 248
247 249
250 250
245 251
250 249
251 251
253 251
255 251
258 253
253 254
259 256
256 256
255 258
260 261
265 261
265 263
263 265
264 267
268 269
276 272
276 274
276 276
281 278
279 280
289 285
289 287
287 290
290 291
300 294
295 296
299 301
306 303
303 307
315 311
309 315
320 319
329 322
319 323
325 326
330 330
335 336
342 335
336 340
346 342
351 345
348 351
352 354
359 356
360 359
363 359
371 366
365 367
367 370
376 373
382 375
379 378
384 382
383 384
384 383
389 382
385 387
391 388
386 387
393 388
388 387
383 385
387 382
380 378
373 373
357 343
301 291
254 254
239 237
231 230
223 225
221 222
219 219
213 218
210 210
204 205
203 200
199 202
196 196
191 194
187 190
187 187
184 184
181 182
177 179
175 178
174 174
169 173
171 172
169 170
167 168
164 167
164 167
162 161
161 163
162 165
161 161
160 161
160 163
159 159
158 158
157 160
157 160
155 160
157 159
154 159
156 157
154 158
154 159
156 158
155 160
154 157
153 158
153 157
154 158
152 155
156 155
154 156
155 157
156 158
155 160
155 158
155 159
155 155
154 158
156 157
154 158
156 160
154 159
153 157
155 156
155 156
154 158
153 158
156 157
153 157
155 155
154 155
155 157
154 154
156 157
153 156
154 156
154 157
153 154
153 155
152 155
152 154
150 152
151 151
151 152
151 153
151 154
151 151
149 152
149 150
151 152
149 154
149 153
150 152
149 151
149 151
148 152
147 149
150 150
147 150
148 153
146 151
149 152
147 151
146 151
150 152
148 151
151 154
153 156
154 159
159 164
177 182
188 197
210 207
206 207
209 207
207 214
215 215
211 214
219 216
216 217
219 218
215 216
221 219
223 221
220 222
222 223
223 227
229 224
230 229
224 227
227 229
232 231
228 231
230 230
237 234
229 234
237 234
233 235
229 237
240 236
237 238
246 240
238 238
245 241
241 242
242 243
245 243
247 242
245 244
239 245
239 246
253 243
243 245
243 245
247 246
258 248
237 246
247 250
247 249
248 248
249 249
244 251
249 249
256 249
248 248
246 247
250 247
243 248
253 249
246 251
251 246
251 250
254 248
248 249
251 248
252 249
250 248
251 250
242 250
249 251
258 253
248 252
254 253
260 254
255 254
259 258
256 258
258 259
262 260
260 262
267 263
266 265
271 271
269 269
274 272
274 275
280 277
276 282
282 283
290 285
286 287
285 290
291 293
299 296
299 299
301 302
308 305
311 308
312 313
321 316
318 317
322 323
327 327
330 328
330 331
331 334
340 339
342 342
349 343
349 348
357 353
352 354
360 360
368 360
367 363
364 368
371 368
371 369
377 372
378 376
380 380
380 380
384 382
392 384
387 388
388 387
388 385
386 387
391 389
389 386
386 385
383 382
377 374
367 355
336 313
265 268
247 243
235 233
229 228
222 224
219 216
216 216
212 211
208 205
204 205
199 202
194 195
195 193
189 192
186 190
185 185
183 183
180 182
179 180
175 177
172 176
171 172
170 172
167 170
169 171
164 167
164 167
164 165
161 164
160 163
161 162
158 158
159 160
157 160
158 158
154 159
156 159
156 156
158 158
155 158
155 157
155 158
153 159
154 156
155 157
154 156
153 158
153 159
152 157
155 156
155 156
155 157
155 157
155 158
156 156
156 159
154 159
155 155
155 157
156 158
154 158
157 161
155 159
155 158
157 157
155 159
155 159
156 156
155 159
153 160
154 159
151 156
155 154
152 155
152 158
151 156
152 157
154 157
150 154
154 157
153 155
152 156
151 155
151 158
152 158
151 156
152 152
149 153
152 155
151 153
150 153
151 153
149 151
147 152
151 151
149 152
147 151
149 149
149 150
147 149
150 151
150 153
148 151
149 153
149 152
147 149
147 150
147 150
147 150
149 153
147 149
150 151
147 150
151 150
149 151
153 153
151 157
156 164
163 171
181 185
192 199
210 207
210 210
210 212
214 213
208 212
219 217
216 215
224 219
218 221
218 221
219 223
225 223
223 223
228 227
222 227
225 229
228 230
228 229
231 228
228 232
239 230
233 231
235 233
234 234
234 234
235 237
234 237
236 239
237 236
235 237
243 238
242 237
240 238
237 239
237 239
245 242
249 244
240 242
249 245
244 243
247 241
241 243
240 244
241 243
248 244
242 245
247 244
243 243
247 243
245 246
244 246
249 243
249 247
245 245
239 243
239 244
243 245
251 247
245 245
249 247
247 246
254 248
243 247
256 248
251 252
251 254
248 253
251 254
259 255
253 257
260 258
263 262
260 259
251 258
262 259
263 260
259 262
261 263
265 264
269 265
262 268
271 268
267 266
264 271
277 273
281 275
277 278
283 281
281 280
290 288
287 287
289 288
291 293
307 297
300 299
293 299
306 305
314 305
303 309
321 313
319 318
323 320
323 323
327 326
336 333
331 334
347 339
339 341
347 345
350 346
353 350
358 352
356 356
367 362
366 364
370 367
370 368
374 372
375 373
380 377
374 377
382 379
386 380
387 382
386 383
385 383
386 386
388 386
386 388
389 386
384 387
387 384
380 380
375 371
362 351
323 305
259 261
244 241
232 231
228 226
222 224
220 220
214 218
211 215
208 209
202 206
200 202
195 195
193 194
188 192
187 191
183 185
182 184
178 181
179 181
173 179
174 177
173 175
170 176
171 171
169 171
167 172
167 170
165 167
163 168
165 167
165 167
163 165
163 164
163 166
163 167
163 163
163 165
163 163
161 166
162 167
163 165
161 164
160 166
163 162
164 164
163 167
162 166
162 164
162 163
162 164
161 164
161 164
160 164
160 162
158 163
159 161
159 160
158 161
157 160
158 159
158 162
156 161
158 161
158 160
159 159
156 162
159 164
157 160
157 158
155 158
157 158
155 159
155 159
154 157
156 156
155 159
154 156
154 156
151 157
152 155
152 155
153 155
151 155
152 153
151 153
150 154
150 153
150 152
148 151
148 153
149 150
148 151
149 149
148 151
147 150
148 152
147 153
148 150
147 151
145 149
147 148
146 147
148 147
145 148
147 147
145 147
146 149
147 149
146 150
149 151
148 152
152 158
159 165
174 181
187 193
207 206
213 207
201 206
206 209
204 213
209 211
212 212
213 213
220 214
213 217
212 216
226 219
219 219
218 224
221 225
222 223
226 224
224 226
228 227
226 226
229 229
231 228
231 232
234 231
229 234
239 234
232 236
236 235
240 240
236 239
245 240
236 241
245 241
242 240
235 239
238 239
239 243
244 246
250 246
240 245
247 246
248 245
252 246
245 247
251 246
241 246
249 247
249 247
249 245
247 251
247 250
243 249
253 246
242 250
254 248
254 249
247 249
255 251
246 251
247 250
256 252
252 250
249 247
249 250
252 249
253 253
248 250
253 252
247 251
255 250
249 250
251 253
246 252
253 254
255 253
259 259
262 257
259 256
263 262
257 259
264 261
263 266
263 267
266 269
267 272
271 274
274 275
273 278
285 279
283 283
288 283
287 285
292 290
293 294
293 297
300 297
310 303
308 307
310 309
317 314
322 315
317 321
324 323
325 325
329 325
333 331
334 334
338 340
342 342
350 348
359 350
349 352
361 355
358 358
362 363
365 364
366 369
372 370
375 373
380 371
375 376
378 377
381 380
385 380
384 384
385 388
385 385
386 384
389 386
388 386
385 385
381 382
379 372
368 357
336 314
264 268
247 242
233 231
227 227
223 225
218 221
216 216
213 212
207 206
202 205
197 201
198 195
192 193
189 191
187 191
186 186
182 184
179 178
176 180
175 177
173 175
173 175
169 172
167 172
167 171
164 167
164 166
161 164
164 165
161 162
160 161
161 161
157 161
159 160
157 159
156 156
156 159
157 159
156 157
157 160
156 159
157 159
155 158
156 158
159 162
156 161
159 159
157 163
159 162
157 163
156 160
158 161
158 160
162 161
158 161
159 160
157 161
158 162
157 159
158 159
158 161
159 162
157 159
158 160
158 159
158 160
157 159
158 159
157 161
158 159
158 162
157 162
157 161
156 159
157 158
157 159
154 158
155 158
155 155
154 156
155 155
155 155
154 157
154 155
154 156
152 153
152 153
152 157
151 156
151 154
152 153
150 152
149 152
150 153
150 151
150 153
149 152
149 152
147 151
148 150
147 152
150 151
146 149
147 149
148 150
147 149
147 148
146 150
147 148
147 150
145 149
147 150
147 151
146 149
147 150
147 152
149 151
151 153
151 157
159 165
175 179
188 192
205 207
210 205
205 206
211 209
214 210
214 213
222 213
218 216
209 218
222 219
225 220
217 222
227 223
227 225
226 223
226 226
230 225
232 226
225 228
228 229
231 233
233 233
232 232
230 232
237 230
239 237
229 235
240 237
239 236
239 239
232 236
241 238
240 241
237 241
247 241
237 244
240 241
244 241
242 241
237 241
240 245
239 243
245 241
247 245
249 245
242 247
247 249
245 247
247 248
249 249
245 247
250 247
245 244
247 249
245 249
251 247
245 246
247 248
254 250
250 250
248 250
247 248
251 250
251 247
244 247
247 246
255 246
245 249
249 251
244 249
245 247
253 247
248 247
253 251
250 248
249 248
246 250
258 253
250 252
253 254
258 255
251 255
254 259
261 262
258 261
260 266
261 265
265 268
266 269
266 272
276 273
279 275
277 278
284 281
286 281
280 284
292 287
291 291
291 295
297 297
302 300
298 303
307 306
313 308
315 313
318 314
321 319
319 322
324 323
332 329
326 330
339 332
342 337
337 341
349 342
350 345
351 349
348 353
357 354
358 359
370 364
360 363
369 368
369 368
375 372
377 373
372 374
379 377
380 377
379 379
378 381
380 382
384 382
385 384
384 386
389 387
387 385
392 387
384 384
383 383
386 382
384 380
380 381
381 379
375 376
371 371
369 361
357 355
354 344
339 336
330 327
323 319
311 310
308 304
299 298
290 294
295 290
289 285
279 283
285 275
267 271
270 269
268 269
267 263
259 264
259 259
258 255
255 256
249 250
251 245
247 246
238 243
243 243
247 242
241 245
240 238
233 237
237 240
237 239
237 236
237 236
232 234
235 231
231 235
236 234
234 233
237 233
233 233
229 227
231 231
227 230
230 230
227 229
235 227
222 227
227 227
226 228
236 227
228 227
235 223
225 226
227 225
225 225
225 226
230 226
229 224
223 223
223 224
228 223
227 227
226 226
223 222
220 223
224 223
221 223
223 224
225 225
220 225
227 224
223 222
220 225
221 222
221 226
223 223
221 218
226 225
221 224
227 223
226 223
228 223
221 223
219 223
228 222
224 224
225 224
229 223
220 224
224 225
222 226
223 225
232 224
226 225
233 225
224 223
224 221
237 226
218 223
224 225
226 224
222 224
226 223
222 224
223 227
222 224
223 226
227 225
221 224
231 224
220 225
224 228
223 225
226 225
229 226
223 229
224 229
227 227
225 228
227 227
228 228
230 225
225 225
224 227
227 227
226 227
219 228
234 230
229 230
233 229
233 231
231 232
233 228
227 229
240 230
230 229
237 232
231 231
228 230
237 232
234 232
231 233
231 232
233 235
233 235
236 236
234 236
232 236
241 235
233 233
233 235
230 233
238 236
240 236
237 235
241 239
237 236
236 239
239 238
238 238
236 239
237 239
236 241
244 239
235 239
241 240
243 242
240 241
242 241
245 242
244 243
244 242
240 245
245 242
241 243
243 245
248 242
243 243
253 246
247 246
243 245
244 249
248 247
243 248
245 247
254 249
243 247
251 247
252 250
251 251
252 249
250 248
253 247
257 251
249 252
253 250
245 250
255 252
246 252
250 253
252 255
256 256
253 252
253 255
261 256
257 257
255 255
261 254
257 256
262 257
256 258
249 259
262 259
257 262
260 260
257 261
256 260
263 260
265 263
260 259
266 262
262 262
264 263
257 262
267 264
261 263
262 261
257 262
263 263
265 268
270 267
265 264
257 265
265 264
265 265
272 265
268 267
270 269
261 269
277 269
268 269
269 269
272 269
267 268
271 268
274 269
271 270
264 272
270 271
270 268
273 272
271 273
268 271
274 272
264 272
270 272
270 272
282 275
275 275
271 273
279 272
273 275
278 277
272 275
277 277
278 275
274 275
278 275
282 279
278 276
277 275
277 273
278 276
279 276
277 279
280 278
282 280
283 279
277 278
281 278
278 283
279 281
280 279
279 278
283 280
276 282
281 282
284 280
280 280
287 282
283 281
286 279
284 283
285 284
289 285
287 285
289 284
288 285
285 282
287 285
283 283
289 283
282 285
286 284
286 286
285 285
287 288
290 287
285 285
288 285
283 284
285 286
281 285
293 287
289 286
284 283
292 286
284 287
288 287
282 287
291 286
282 285
289 284
287 284
288 287
285 286
283 284
292 286
282 286
284 287
285 287
286 284
290 287
285 286
286 288
287 287
290 287
288 288
283 287
285 286
287 285
285 286
290 286
288 284
285 284
280 286
287 284
283 284
290 286
287 284
287 286
289 284
290 284
285 281
279 287
289 283
285 282
285 283
281 286
285 285
286 283
282 285
287 283
287 283
281 283
286 283
283 281
283 284
283 284
287 283
281 285
285 285
283 284
281 284
285 283
294 284
283 283
279 283
285 285
286 283
287 284
287 283
277 284
291 287
286 283
282 283
288 283
288 284
286 285
284 283
283 283
285 283
291 282
282 282
286 283
289 284
279 283
286 285
290 285
280 286
286 283
291 286
280 285
288 286
286 284
289 284
286 285
285 282
279 283
285 283
285 283
287 284
289 283
291 284
283 285
292 286
287 283
280 284
287 285
284 283
279 285
290 282
277 282
289 285
282 284
280 285
287 286
284 284
285 285
285 285
284 286
288 285
288 286
286 285
285 282
287 286
282 287
284 284
286 284
288 286
288 286
288 285
287 285
287 283
283 284
288 285
287 286
285 284
286 285
288 286
293 287
277 284
287 284
285 285
287 285
285 286
288 287
287 287
293 287
285 285
289 287
283 284
287 287
289 286
286 284
284 285
289 285
290 286
293 288
293 286
285 286
289 286
291 289
293 289
285 287
283 285
292 288
288 290
290 289
286 287
286 287
293 288
287 288
293 287
292 286
283 288
295 284
284 288
296 289
283 289
291 289
288 286
293 288
292 288
282 289
295 286
293 288
291 289
290 289
285 287
289 286
287 289
288 291
294 290
290 289
287 287
291 286
292 288
287 288
289 287
284 288
289 285
287 289
292 290
292 293
286 289
287 287
288 288
291 290
289 290
288 289
290 288
289 289
285 290
290 286
289 290
301 287
283 291
291 292
286 292
290 290
287 290
293 290
295 289
291 290
291 290
288 291
291 289
294 289
286 289
286 289
295 291
289 292
292 288
291 289
295 291
288 291
295 289
292 291
289 289
301 291
288 288
290 289
294 289
290 292
293 292
290 291
295 292
294 289
289 292
291 292
292 288
287 291
293 291
294 290
294 290
296 292
285 291
292 291
291 290
287 292
295 291
290 291
298 291
285 291
289 291
297 290
293 287
292 291
292 290
289 289
290 292
296 291
287 291
294 290
294 294
291 290
298 292
287 291
302 292
290 287
299 293
294 292
288 289
300 290
288 291
286 290
297 290
292 292
291 294
291 293
289 292
292 291
297 291
299 293
289 293
296 293
296 291
291 294
288 292
295 291
291 290
293 292
293 293
293 292
289 292
299 291
289 290
293 295
296 291
287 291
295 291
298 292
291 291
293 292
291 294
299 294
291 293
287 292
294 291
291 293
293 292
293 291
296 294
299 293
292 295
291 291
294 295
296 294
299 295
293 293
295 291
293 294
292 292
290 294
296 291
292 290
297 293
290 294
298 290
291 290
296 294
295 291
297 294
290 295
296 292
292 289
289 294
293 296
295 292
298 293
296 294
295 292
292 290
294 294
297 296
292 292
289 292
291 293
290 291
299 295
294 292
299 294
294 293
291 290
299 292
288 294
297 297
295 293
290 291
290 290
292 294
300 293
291 294
294 293
303 292
290 292
291 292
294 294
291 292
293 295
298 295
297 294
298 295
291 294
304 293
295 293
287 295
291 294
296 294
294 292
285 293
294 294
294 295
294 292
298 295
297 294
297 296
290 293
292 294
299 293
290 294
298 294
295 291
294 293
299 294
298 294
295 294
293 293
302 294
292 295
296 292
295 292
294 296
295 296
301 296
296 295
300 293
294 296
299 294
293 294
300 294
294 296
302 293
291 296
289 293
297 295
294 296
290 292
290 295
310 295
296 297
295 295
295 296
296 294
291 296
298 296
292 294
298 296
292 298
297 294
296 295
293 296
297 295
297 294
295 293
297 295
294 295
293 296
301 295
296 296
303 297
295 292
302 297
293 296
298 296
296 296
303 296
297 297
297 296
295 297
299 296
299 296
300 297
301 298
295 298
294 295
292 294
292 296
292 295
295 297
294 299
303 295
303 300
296 300
299 297
298 297
301 300
301 301
301 297
298 295
298 297
301 297
296 297
302 298
298 297
303 297
296 298
298 298
299 300
295 298
298 298
299 297
305 298
304 297
294 300
299 299
297 298
298 296
295 298
301 297
296 299
303 299
299 298
305 299
297 299
302 298
300 296
302 297
298 296
300 298
297 298
303 297
299 299
297 299
295 297
301 300
305 298
296 297
303 297
307 302
299 298
301 299
299 301
298 299
299 300
303 301
296 301
307 300
301 303
304 298
298 300
305 300
300 300
302 301
301 300
303 300
302 300
301 298
298 303
298 300
302 300
301 302
306 301
301 301
311 300
295 300
303 300
307 299
297 300
302 300
303 299
303 303
300 299
303 298
306 298
302 302
301 301
304 300
296 301
313 303
297 299
301 299
305 301
298 303
306 299
301 302
303 302
299 300
303 303
299 303
312 302
304 302
300 301
299 304
305 303
301 302
304 302
302 301
307 302
299 306
305 303
301 304
305 303
302 302
302 304
308 306
303 304
302 301
296 302
307 300
300 300
299 301
305 301
303 303
303 303
309 303
302 302
311 302
304 304
299 305
305 303
308 305
303 300
297 302
315 301
306 301
303 304
304 302
306 304
303 303
305 304
304 303
307 305
307 304
299 308
301 304
307 304
304 301
314 303
304 303
302 303
301 301
312 303
308 300
304 302
306 304
310 305
303 305
304 303
314 305
303 303
303 305
300 303
313 305
304 303
304 302
307 303
304 303
304 303
305 303
307 304
303 305
304 303
308 305
303 305
310 305
302 306
304 302
308 304
310 303
299 305
305 305
308 303
310 304
301 304
301 304
307 305
301 304
304 303
301 306
310 303
308 305
309 305
304 306
307 306
305 307
309 303
311 306
312 307
302 306
311 308
309 308
310 308
303 307
309 307
310 305
300 306
307 307
312 306
301 305
313 307
306 306
312 305
302 306
309 306
303 308
306 306
302 308
310 306
301 305
312 305
301 305
313 305
307 306
313 309
306 306
318 305
299 306
306 305
308 309
305 306
316 307
301 307
306 307
307 305
307 307
312 307
306 305
309 305
313 309
305 309
312 308
303 309
307 306
313 309
306 307
311 306
315 307
305 307
309 305
303 307
307 311
318 308
305 306
311 307
304 307
309 309
309 305
316 307
302 308
311 308
311 307
308 308
302 307
308 306
308 306
311 306
301 307
303 306
307 306
316 308
302 307
309 304
309 307
304 305
305 305
308 304
304 302
307 304
308 303
304 301
304 303
301 300
297 301
308 301
298 299
299 300
299 300
299 302
306 299
289 299
303 297
299 298
299 299
298 295
300 298
296 296
295 296
304 296
298 297
299 295
297 297
299 297
303 295
297 295
299 296
292 294
301 294
295 292
292 292
294 295
290 295
292 294
299 292
289 293
295 292
296 294
289 293
296 294
291 295
291 291
290 293
292 291
295 293
295 292
291 291
291 288
299 291
290 293
299 289
288 288
290 289
295 290
292 291
290 288
294 290
293 289
295 291
290 289
300 291
294 288
291 284
289 289
291 293
288 290
285 292
291 289
287 288
295 289
287 289
291 289
287 289
291 289
285 290
290 289
286 287
298 287
289 291
286 288
289 290
289 289
286 288
288 290
295 289
282 290
294 289
284 288
289 289
286 289
285 290
289 289
283 287
291 283
290 289
291 289
286 286
287 288
290 286
289 288
289 287
291 285
289 285
285 286
293 287
288 288
285 285
283 285
289 289
288 287
289 289
290 285
285 285
296 287
279 285
288 288
294 286
285 285
289 285
287 285
291 283
283 286
289 285
287 286
291 285
284 283
287 283
278 283
291 285
284 286
293 286
286 286
285 286
283 284
287 284
293 283
284 286
287 287
291 286
281 283
292 285
287 286
283 284
283 282
286 285
288 285
287 284
288 283
289 286
281 283
286 283
292 284
287 286
284 286
288 283
282 285
284 284
285 283
285 284
284 284
281 282
279 284
289 282
281 284
290 282
291 284
289 284
280 285
283 285
286 284
289 283
282 283
289 283
278 283
288 284
286 284
279 286
282 283
286 282
285 283
277 285
287 286
284 281
284 283
282 286
284 283
287 284
283 282
289 282
290 282
281 283
283 283
288 282
284 283
276 281
288 283
280 283
283 282
288 281
277 283
289 280
283 280
280 283
285 281
279 279
282 280
281 282
289 279
280 280
282 280
283 284
282 282
280 280
276 281
282 282
285 281
282 282
283 281
282 278
280 283
283 280
281 281
284 281
280 281
283 281
284 280
273 279
281 280
283 280
277 279
287 280
279 279
278 280
280 281
282 280
273 277
277 280
279 279
272 278
288 278
279 276
274 278
280 278
285 280
281 278
277 278
279 279
276 277
275 280
277 278
279 278
279 279
281 277
276 277
281 277
277 277
281 276
273 279
277 274
282 277
278 277
282 277
279 277
276 278
278 278
277 277
281 280
277 277
275 275
282 279
274 278
282 279
277 279
283 277
280 278
275 277
278 277
281 277
278 279
275 278
287 277
279 277
276 276
281 279
280 282
283 279
276 275
276 277
277 277
275 277
285 279
278 277
281 277
284 277
279 277
277 280
278 275
289 277
278 277
276 275
279 280
274 281
279 279
284 278
281 280
288 281
287 279
274 281
279 281
281 278
279 283
282 279
281 278
281 277
281 280
278 280
284 278
285 282
285 282
289 283
283 281
283 282
274 283
287 282
281 281
283 284
285 285
282 284
283 284
287 286
279 283
294 282
280 286
284 284
284 283
289 284
284 283
285 283
285 284
286 286
288 286
291 289
283 289
285 286
289 285
294 288
290 290
290 287
291 290
289 290
295 288
287 285
287 288
291 289
289 291
290 289
292 290
290 289
291 289
289 289
286 291
295 293
297 292
290 292
293 292
292 290
295 293
294 292
294 292
294 291
293 293
288 291
295 293
298 294
292 293
297 294
294 293
298 296
292 294
296 295
295 296
296 297
301 296
289 295
300 294
303 296
297 296
301 297
298 298
297 299
294 298
296 303
297 297
302 300
294 295
298 296
301 297
305 300
300 300
304 302
295 301
298 300
301 298
302 299
305 302
296 301
305 302
303 304
305 303
304 303
310 304
306 301
301 306
301 305
305 303
304 303
301 305
305 304
307 305
313 303
304 306
303 304
305 307
308 310
304 306
307 306
309 306
307 306
305 306
317 310
310 307
313 309
312 312
310 309
306 307
315 309
314 308
307 311
310 310
319 312
313 310
311 311
309 311
311 312
313 313
314 312
306 312
314 312
312 312
313 312
313 312
309 311
325 313
319 315
316 316
308 315
316 313
311 314
317 315
315 314
319 315
315 314
314 315
316 314
315 317
314 316
321 317
314 318
316 315
322 315
315 316
316 314
323 314
316 318
323 315
316 313
316 315
317 316
321 318
317 319
324 320
314 316
320 317
316 316
319 319
321 319
324 317
317 319
319 321
313 319
319 319
316 318
318 319
322 319
317 321
329 321
320 321
317 319
322 320
321 321
319 322
321 322
319 322
322 320
325 321
331 321
320 323
324 323
324 322
324 322
326 323
325 321
321 324
317 325
327 322
322 324
321 323
328 322
325 324
328 324
325 325
321 324
325 324
324 327
326 326
321 322
324 323
323 326
330 326
326 325
328 325
324 326
331 325
327 327
329 327
322 326
330 325
331 327
330 328
329 329
328 329
322 327
328 327
328 325
331 324
327 327
327 327
328 328
333 329
331 329
332 330
331 329
329 328
330 328
332 327
329 329
327 328
328 330
329 327
338 329
330 331
332 331
329 333
336 332
327 332
331 330
331 328
337 329
329 329
334 330
331 331
333 331
330 333
339 331
329 332
331 331
337 331
334 331
332 331
334 334
325 333
342 331
333 332
332 332
333 330
334 334
332 335
336 334
331 335
333 331
332 333
335 332
331 334
336 335
333 335
336 334
339 333
339 335
332 335
336 333
338 334
336 334
336 337
334 337
343 334
335 335
342 336
336 335
334 335
342 336
335 337
343 336
330 333
345 334
339 335
337 334
335 337
339 336
339 336
335 336
337 333
335 335
338 333
340 336
339 337
339 333
329 336
338 333
334 337
337 336
337 337
338 334
338 336
338 335
332 332
336 333
339 335
334 333
335 333
344 335
338 334
338 334
335 336
336 338
336 335
337 334
333 334
332 332
336 333
339 335
329 337
341 334
329 337
337 335
332 335
333 333
340 336
341 335
335 334
349 335
328 333
335 335
342 332
334 334
341 335
334 335
335 334
338 334
335 336
339 336
337 336
332 336
336 334
330 334
341 334
333 333
333 332
333 333
338 331
333 335
340 337
335 332
341 336
331 333
333 334
339 332
333 333
336 336
332 335
335 332
339 332
339 333
327 333
332 331
330 331
336 332
332 334
343 335
332 333
338 334
333 331
331 333
331 331
343 333
331 333
334 334
329 333
340 332
331 333
330 334
337 332
334 333
333 333
332 333
330 333
338 333
330 334
333 336
337 334
331 334
340 335
333 336
335 333
331 334
333 334
334 336
333 334
336 334
329 336
330 331
336 335
333 335
333 332
333 333
330 335
341 333
330 335
341 334
330 336
335 333
335 335
336 334
333 333
337 333
337 333
331 334
335 334
335 336
330 332
333 335
335 336
340 331
336 333
334 334
334 334
342 335
337 333
336 334
333 334
333 335
332 335
337 333
336 332
333 333
331 335
335 333
336 333
334 332
331 335
333 333
339 335
331 333
336 332
336 333
338 335
335 334
335 331
332 335
337 334
336 335
341 333
330 333
339 333
333 333
331 333
338 333
339 332
343 336
337 337
333 334
331 332
335 332
334 336
331 333
341 333
337 332
338 333
332 335
336 333
341 333
333 333
339 334
332 335
335 334
340 335
338 333
332 335
341 333
335 335
339 334
333 335
339 335
338 335
332 335
338 334
332 336
338 334
337 335
336 333
335 332
335 332
338 334
336 332
337 334
330 331
337 333
335 335
335 334
334 335
341 333
333 333
334 333
334 332
337 333
331 335
336 331
338 333
333 333
335 335
336 331
338 333
331 331
333 333
337 335
335 335
344 332
338 332
337 334
335 332
334 332
341 332
334 331
330 332
332 331
333 335
331 333
340 333
333 333
333 334
336 332
327 333
334 331
331 333
336 332
337 335
334 333
333 334
334 333
334 333
331 333
335 336
335 334
332 333
332 333
337 332
335 332
337 334
339 332
336 334
335 333
331 332
334 334
332 333
332 337
335 337
333 335
335 334
339 336
332 333
337 334
335 334
331 337
338 332
339 333
338 335
332 334
346 335
329 335
340 334
338 335
339 337
339 337
338 335
335 338
342 337
337 336
337 337
334 335
336 336
339 336
343 339
339 338
335 339
345 337
338 337
342 339
343 340
339 337
344 337
339 341
336 340
340 343
344 342
338 344
351 345
354 345
341 345
351 348
357 350
352 350
350 351
350 353
357 357
363 357
361 358
361 360
362 361
370 365
368 366
368 367
366 367
373 370
375 373
379 374
370 373
376 374
382 377
383 379
380 381
383 380
389 383
383 383
389 386
390 389
390 390
399 390
392 392
392 389
393 390
398 395
398 395
399 395
401 397
397 397
401 397
407 399
399 402
405 401
405 402
402 401
407 403
403 402
410 403
403 402
402 401
404 400
401 397
397 394
392 389
390 383
373 365
341 319
268 271
248 243
235 233
226 226
223 222
220 218
213 215
207 210
207 207
201 203
201 198
195 196
194 195
189 189
187 188
182 186
183 185
179 181
176 178
175 177
171 175
172 173
167 170
167 169
164 168
164 163
165 167
161 164
161 161
159 160
159 161
157 160
156 158
157 157
156 157
154 157
154 157
151 157
155 157
151 155
153 153
154 154
153 159
152 154
153 155
153 155
153 156
151 155
153 155
153 157
155 156
156 156
155 155
156 158
153 157
156 157
155 159
156 157
153 157
154 159
155 159
155 158
153 158
156 157
154 156
155 157
156 157
155 159
155 159
155 159
156 155
155 158
157 159
155 159
155 158
158 159
155 159
156 159
153 159
156 157
155 159
156 159
156 159
156 158
157 160
156 160
157 162
159 165
161 165
164 168
173 181
196 202
217 219
223 219
217 218
217 219
219 223
229 223
220 223
227 225
226 230
226 228
225 228
237 230
225 227
233 227
226 230
231 233
232 234
235 234
231 237
237 236
241 237
231 235
239 237
241 236
240 239
235 235
242 239
241 241
239 239
238 240
246 240
236 241
236 239
244 243
245 240
243 243
238 241
242 241
245 241
235 241
247 241
241 243
240 242
239 242
239 243
250 246
242 244
243 243
248 245
245 242
245 244
243 245
247 248
248 247
252 247
245 250
247 249
254 252
249 255
259 255
259 258
260 259
265 263
263 264
265 265
264 265
275 270
273 272
276 275
277 276
276 282
282 283
284 287
285 288
291 291
288 293
302 295
307 298
301 303
302 306
310 309
317 313
315 317
308 318
315 322
327 325
319 325
331 330
331 332
339 337
335 337
350 341
344 347
349 349
351 349
362 353
364 357
360 359
364 362
371 368
376 369
371 370
382 375
377 376
385 379
381 383
385 384
382 382
391 383
394 387
389 391
395 390
393 393
402 395
399 394
398 395
396 398
400 397
397 395
394 395
393 393
393 388
386 383
374 365
349 326
272 275
249 245
235 235
227 224
223 221
218 218
216 215
209 211
206 210
201 204
197 202
195 199
193 193
191 190
186 187
182 184
181 182
177 177
174 177
173 171
170 172
169 172
167 171
165 168
165 165
163 165
164 162
161 163
159 162
157 159
159 159
156 158
155 159
155 159
156 159
155 158
154 156
155 156
155 158
153 156
151 156
153 158
152 156
152 154
152 155
152 155
153 157
152 155
152 155
151 152
153 155
156 155
152 158
153 156
153 156
155 156
154 156
153 155
155 154
152 158
154 158
153 154
154 158
151 156
154 156
152 154
153 155
154 155
153 156
153 156
153 156
156 157
153 155
153 153
154 157
155 157
153 157
153 155
152 154
153 153
153 155
155 157
149 155
153 157
154 155
153 157
151 155
157 155
153 157
153 156
153 155
155 161
155 159
158 161
161 166
169 177
191 197
215 215
215 215
211 215
215 217
224 221
219 220
221 222
224 224
219 224
226 221
230 227
234 229
231 231
221 229
230 229
229 232
235 234
229 233
234 235
233 232
233 236
244 237
243 239
231 239
239 239
241 239
236 239
240 241
240 241
238 241
246 243
247 242
241 243
246 243
240 243
243 243
248 244
240 243
241 244
241 243
249 243
242 243
243 244
243 245
245 245
243 244
249 245
243 247
252 248
249 250
246 249
251 244
247 249
249 246
246 245
253 248
241 244
252 250
250 249
250 254
259 255
251 256
257 259
257 259
257 259
260 262
267 261
263 266
267 267
275 270
277 273
277 276
279 277
280 280
285 283
288 286
290 289
295 291
287 298
299 298
299 300
306 305
308 307
314 311
325 315
319 318
318 324
326 325
329 328
337 331
333 334
341 339
340 340
345 345
351 349
357 354
354 357
361 359
363 363
365 367
369 367
379 374
372 372
377 377
381 379
384 379
387 382
382 386
390 388
394 392
394 391
398 394
397 392
394 394
398 395
392 394
397 394
394 390
389 388
377 374
355 337
284 282
256 251
240 237
232 231
226 226
224 225
220 220
216 213
212 212
207 209
202 202
199 200
196 198
195 195
190 191
186 190
184 187
186 185
179 182
179 182
175 178
173 173
173 172
171 176
170 174
169 169
167 167
168 169
163 167
165 167
162 166
162 164
161 161
160 161
159 161
159 162
159 161
160 160
156 158
159 162
157 161
158 160
157 161
156 159
155 159
156 157
157 160
157 158
158 161
157 162
157 159
157 158
156 159
157 160
156 163
158 160
156 159
156 159
158 159
157 161
156 160
155 160
156 159
157 160
156 157
156 156
156 157
159 158
155 159
157 160
156 157
155 160
156 160
155 158
155 157
156 158
153 157
156 158
155 158
154 156
153 154
153 154
153 154
152 154
156 153
151 155
152 154
151 153
153 152
153 152
150 152
150 151
149 152
151 151
148 151
149 152
147 149
148 151
149 150
149 149
148 152
148 150
147 149
147 150
150 150
147 151
149 152
150 152
151 155
154 158
156 161
164 173
184 190
199 203
209 210
207 210
207 209
219 214
211 215
213 216
212 216
215 219
219 219
226 223
222 223
221 225
227 227
228 223
225 226
231 227
231 231
226 232
233 231
234 234
236 234
236 234
235 234
239 234
239 236
240 238
239 238
239 242
240 241
241 241
245 243
241 244
251 245
235 243
244 242
248 243
243 243
247 246
241 245
249 246
249 247
247 248
251 248
243 247
248 245
249 247
246 249
248 250
247 249
249 247
249 250
250 249
254 250
252 251
242 250
250 251
241 249
251 250
249 252
254 251
252 250
253 251
253 250
255 250
247 253
252 251
254 251
257 253
253 255
257 253
251 258
261 256
257 259
259 258
265 263
266 267
264 266
265 267
276 270
271 272
281 275
279 279
285 280
284 283
288 286
281 287
291 290
290 296
300 297
298 302
305 302
310 304
317 309
309 316
317 317
325 321
323 324
335 328
330 333
335 337
341 340
341 341
348 348
356 351
352 351
361 360
366 363
373 367
369 371
379 375
373 374
380 377
384 380
384 383
387 383
387 387
390 388
396 389
389 393
394 389
392 390
394 392
391 389
387 385
382 374
362 345
300 293
258 258
244 243
234 236
231 230
226 228
225 225
219 222
216 218
213 217
209 209
206 207
201 203
198 201
193 195
190 193
189 190
188 189
186 186
181 184
178 181
179 179
173 177
172 176
172 173
172 174
169 171
168 170
167 170
164 169
165 167
163 166
162 166
162 164
162 164
161 163
162 162
159 161
157 162
161 160
159 161
158 160
158 162
159 161
157 162
158 162
158 161
159 159
159 161
159 162
158 162
161 161
160 162
161 163
160 165
159 163
161 161
158 159
159 158
158 158
159 161
156 160
155 161
159 158
157 158
156 159
156 159
155 157
155 156
154 157
155 160
157 158
155 157
157 155
152 155
153 155
155 156
155 157
154 158
153 156
153 157
151 156
152 155
154 152
153 154
152 154
149 154
152 154
149 153
151 153
150 152
151 153
150 153
151 154
147 152
149 149
148 149
149 151
148 151
149 152
147 150
147 150
147 149
147 151
148 151
147 151
149 151
147 148
147 151
149 152
148 151
151 153
152 156
154 159
158 165
175 182
191 196
210 206
202 207
216 209
208 210
208 213
209 217
225 218
214 216
214 219
220 221
225 221
225 223
223 225
224 227
229 225
221 226
228 228
229 229
235 227
232 230
234 231
236 234
234 230
239 236
232 234
233 233
245 238
229 237
237 239
241 238
243 242
240 243
239 244
251 243
245 245
243 245
247 242
245 246
246 249
259 245
243 252
253 249
246 248
257 248
248 248
253 251
247 247
260 251
245 249
254 250
248 248
251 247
252 250
255 247
252 248
250 252
256 252
248 250
253 251
247 250
249 248
258 253
255 251
248 251
255 252
252 252
250 250
255 253
255 255
248 254
252 254
258 257
262 257
255 257
262 259
263 261
261 263
268 266
263 268
272 268
276 271
276 273
280 276
277 282
287 281
283 283
289 287
290 291
299 293
294 294
299 298
299 300
309 304
302 307
318 314
308 315
316 315
327 323
325 323
324 328
337 332
338 334
336 338
342 343
349 345
352 351
351 353
364 358
360 359
364 363
369 365
373 370
369 373
378 374
386 375
381 378
386 381
383 386
390 389
384 390
391 390
393 388
392 390
393 390
390 388
389 387
387 383
380 376
365 353
320 303
258 261
246 242
237 237
229 229
224 225
222 223
219 219
213 216
210 210
206 206
198 199
200 200
194 196
189 194
189 191
185 187
185 185
179 184
178 179
175 179
171 175
172 174
172 172
171 173
169 169
165 169
165 169
162 164
164 167
164 165
160 165
160 163
160 164
158 163
158 160
157 161
159 161
158 159
155 160
156 159
157 161
155 158
154 157
155 159
154 157
152 158
155 157
154 157
155 159
155 158
155 159
155 158
153 159
157 158
155 159
156 159
156 158
155 156
156 159
155 160
156 159
156 159
156 159
155 158
156 159
155 160
154 158
156 158
156 156
155 158
155 157
155 158
155 157
155 158
153 157
155 158
152 155
152 154
153 155
152 154
153 156
153 156
151 155
152 154
153 154
151 153
151 153
152 154
150 152
149 153
149 154
151 153
148 153
150 153
149 152
149 150
148 153
149 154
149 153
148 150
145 147
147 149
147 151
149 150
147 153
149 151
147 153
147 152
149 153
149 154
151 155
152 155
155 161
161 167
175 183
192 199
215 211
205 214
214 210
211 215
221 216
209 217
213 218
223 218
218 219
223 222
220 221
229 226
227 227
221 227
226 227
228 226
228 231
235 230
232 230
232 231
233 234
234 233
238 238
243 235
227 236
241 238
239 239
237 237
241 238
245 241
245 243
243 244
249 244
243 245
253 244
250 246
242 242
248 247
244 248
251 247
241 245
253 246
241 246
252 245
250 247
251 250
251 247
247 246
244 249
249 249
251 247
251 247
254 251
249 251
247 250
251 251
251 250
254 252
245 251
258 249
241 252
259 250
251 251
246 250
258 250
247 252
258 253
254 253
254 258
255 254
257 254
261 259
259 260
271 265
259 265
272 265
266 265
270 269
274 272
273 274
277 277
280 277
282 281
285 283
289 287
290 292
291 291
295 291
301 298
307 299
309 307
304 308
311 313
311 315
325 318
319 321
326 327
332 329
336 332
339 337
336 341
341 341
349 345
352 351
350 353
360 358
363 360
366 364
367 366
374 370
369 373
377 373
379 379
386 381
383 383
387 384
383 384
395 385
387 386
389 390
391 391
391 388
390 387
386 383
382 382
376 371
353 333
280 280
254 251
240 238
233 233
226 229
221 225
221 220
216 217
213 211
206 207
203 203
200 204
197 199
195 193
186 188
185 187
184 185
183 184
178 182
180 182
175 179
175 179
172 175
169 173
168 170
167 170
166 171
165 171
164 168
161 163
163 164
161 165
161 165
160 162
158 160
158 160
157 160
156 159
156 159
158 160
156 159
156 159
154 159
153 157
155 157
154 157
155 160
153 157
155 157
152 158
156 159
155 155
154 158
154 157
157 159
157 159
156 160
153 158
156 157
153 158
156 156
157 157
155 158
155 158
155 159
155 155
157 160
155 158
155 159
156 161
156 160
156 157
152 155
157 157
156 157
154 159
159 160
153 158
153 155
153 156
154 155
153 156
153 156
152 155
151 155
152 154
152 153
151 154
151 153
153 153
149 154
150 155
149 152
151 151
148 151
150 152
149 152
149 151
149 151
149 149
149 152
147 151
148 149
149 153
149 151
146 148
148 151
149 151
150 151
150 152
149 156
151 156
151 157
156 160
164 171
185 188
194 201
215 211
212 210
211 211
211 213
215 213
217 218
219 216
218 220
221 222
220 221
223 221
221 224
225 225
235 227
223 227
230 230
229 228
227 229
231 231
230 231
233 233
233 235
239 234
236 237
242 238
240 238
235 238
239 239
243 241
241 242
239 243
243 243
243 242
241 245
248 243
241 245
254 243
246 244
249 249
255 248
248 246
249 244
246 245
255 250
244 247
256 252
244 249
255 250
250 249
248 247
255 250
243 248
257 249
251 250
256 251
254 249
245 249
250 249
255 249
244 251
249 252
255 249
247 254
256 250
247 252
253 251
252 253
251 253
258 257
256 256
258 258
264 257
257 258
259 262
261 264
273 266
268 267
271 272
270 270
275 274
278 275
282 280
283 282
280 286
288 290
288 289
291 292
300 295
300 298
300 303
310 306
308 311
314 312
315 313
315 317
328 322
329 329
334 331
334 333
335 338
346 340
342 345
345 348
355 348
358 353
358 357
369 360
368 364
368 365
370 368
378 371
376 374
381 379
384 381
384 382
383 384
387 386
396 389
386 385
395 390
394 390
388 387
391 390
388 385
383 377
370 363
345 323
